% time     seconds  usecs/call     calls    errors syscall
------ ----------- ----------- --------- --------- ----------------
 18,95    0,000101           7        13           openat
 18,39    0,000098           7        14           read
  9,38    0,000050           3        15           close
  9,01    0,000048           6         8         7 readlink
  5,82    0,000031           4         7           mprotect
  5,63    0,000030           7         4           newfstatat
  5,25    0,000028           2        12           fstat
  3,38    0,000018          18         1           munmap
  3,38    0,000018           9         2         2 statfs
  2,44    0,000013           4         3           brk
  2,25    0,000012           4         3           getuid
  2,06    0,000011           3         3           geteuid
  1,88    0,000010           0        27           mmap
  1,50    0,000008           4         2           dup
  1,50    0,000008           4         2           prctl
  1,31    0,000007           3         2           getgid
  1,31    0,000007           3         2           getegid
  1,13    0,000006           3         2         2 access
  0,94    0,000005           5         1           write
  0,94    0,000005           5         1         1 ioctl
  0,94    0,000005           5         1           uname
  0,94    0,000005           5         1           prlimit64
  0,94    0,000005           5         1           getrandom
  0,75    0,000004           4         1           fcntl
  0,00    0,000000           0         2           pread64
  0,00    0,000000           0         1           execve
  0,00    0,000000           0         1           arch_prctl
  0,00    0,000000           0         1           set_tid_address
  0,00    0,000000           0         1           set_robust_list
  0,00    0,000000           0         1           rseq
------ ----------- ----------- --------- --------- ----------------
100,00    0,000533           3       135        12 total
