% time     seconds  usecs/call     calls    errors syscall
------ ----------- ----------- --------- --------- ----------------
 21,13    0,000165           6        27           mmap
 14,34    0,000112           7        15           read
 14,08    0,000110           8        13           openat
  8,19    0,000064           9         7           mprotect
  7,81    0,000061           4        15           close
  6,79    0,000053           5        10         9 readlink
  4,99    0,000039           3        12           fstat
  3,46    0,000027           6         4           newfstatat
  2,18    0,000017          17         1           munmap
  2,05    0,000016           8         2         2 statfs
  1,54    0,000012           4         3           brk
  1,41    0,000011           3         3           geteuid
  1,28    0,000010           3         3           getuid
  1,15    0,000009           4         2           pread64
  1,15    0,000009           4         2           prctl
  1,02    0,000008           4         2           getgid
  0,90    0,000007           3         2           dup
  0,90    0,000007           3         2           getegid
  0,64    0,000005           5         1           write
  0,64    0,000005           2         2         2 access
  0,51    0,000004           4         1         1 ioctl
  0,51    0,000004           4         1           uname
  0,51    0,000004           4         1           fcntl
  0,51    0,000004           4         1           arch_prctl
  0,51    0,000004           4         1           prlimit64
  0,51    0,000004           4         1           getrandom
  0,51    0,000004           4         1           rseq
  0,38    0,000003           3         1           set_tid_address
  0,38    0,000003           3         1           set_robust_list
  0,00    0,000000           0         1           execve
------ ----------- ----------- --------- --------- ----------------
100,00    0,000781           5       138        14 total
