% time     seconds  usecs/call     calls    errors syscall
------ ----------- ----------- --------- --------- ----------------
 35,56    0,000320          11        27           mmap
 30,56    0,000275         275         1           execve
  7,33    0,000066           5        13           openat
  7,22    0,000065           9         7           mprotect
  4,56    0,000041           2        15           close
  3,89    0,000035           2        14           read
  3,00    0,000027           2        12           fstat
  1,33    0,000012           1         8         7 readlink
  1,33    0,000012           3         4           newfstatat
  0,89    0,000008           4         2           pread64
  0,67    0,000006           3         2         2 access
  0,56    0,000005           2         2           dup
  0,44    0,000004           1         3           brk
  0,44    0,000004           4         1           set_robust_list
  0,33    0,000003           3         1           write
  0,33    0,000003           3         1         1 ioctl
  0,33    0,000003           3         1           fcntl
  0,33    0,000003           3         1           arch_prctl
  0,33    0,000003           3         1           set_tid_address
  0,33    0,000003           3         1           rseq
  0,22    0,000002           2         1           uname
  0,00    0,000000           0         1           munmap
  0,00    0,000000           0         3           getuid
  0,00    0,000000           0         2           getgid
  0,00    0,000000           0         3           geteuid
  0,00    0,000000           0         2           getegid
  0,00    0,000000           0         2         2 statfs
  0,00    0,000000           0         2           prctl
  0,00    0,000000           0         1           prlimit64
  0,00    0,000000           0         1           getrandom
------ ----------- ----------- --------- --------- ----------------
100,00    0,000900           6       135        12 total
