% time     seconds  usecs/call     calls    errors syscall
------ ----------- ----------- --------- --------- ----------------
 24,45    0,000221         221         1           execve
 18,25    0,000165           6        27           mmap
 15,15    0,000137           7        19           openat
 11,06    0,000100           4        21           read
  5,20    0,000047           2        21           close
  4,20    0,000038           5         7           mprotect
  4,20    0,000038           2        14        13 readlink
  4,20    0,000038           3        10           newfstatat
  3,21    0,000029           2        14           fstat
  1,11    0,000010           3         3           brk
  1,11    0,000010           5         2         2 statfs
  1,00    0,000009           9         1           munmap
  0,77    0,000007           3         2           pread64
  0,77    0,000007           3         2         2 access
  0,77    0,000007           2         3           fcntl
  0,55    0,000005           1         3           getuid
  0,55    0,000005           1         3           geteuid
  0,44    0,000004           2         2           getegid
  0,33    0,000003           3         1           write
  0,33    0,000003           3         1         1 ioctl
  0,33    0,000003           1         2           getgid
  0,33    0,000003           1         2           prctl
  0,22    0,000002           1         2           dup
  0,22    0,000002           2         1           uname
  0,22    0,000002           2         1           arch_prctl
  0,22    0,000002           2         1           set_tid_address
  0,22    0,000002           2         1           prlimit64
  0,22    0,000002           2         1           getrandom
  0,22    0,000002           2         1           rseq
  0,11    0,000001           1         1           set_robust_list
------ ----------- ----------- --------- --------- ----------------
100,00    0,000904           5       170        18 total
