% time     seconds  usecs/call     calls    errors syscall
------ ----------- ----------- --------- --------- ----------------
 28,25    0,000102           4        21        12 openat
 17,45    0,000063           9         7           mprotect
  9,70    0,000035           3         9           read
  7,20    0,000026           2        11           close
  6,65    0,000024           0        27           mmap
  5,26    0,000019           1        10           fstat
  5,26    0,000019          19         1           munmap
  4,99    0,000018           9         2         2 statfs
  3,88    0,000014           4         3           brk
  2,22    0,000008           4         2           dup
  1,66    0,000006           3         2         2 access
  1,39    0,000005           5         1           write
  1,39    0,000005           5         1           getuid
  1,39    0,000005           5         1           getrandom
  1,11    0,000004           4         1         1 ioctl
  1,11    0,000004           4         1           geteuid
  1,11    0,000004           4         1           prlimit64
  0,00    0,000000           0         2           pread64
  0,00    0,000000           0         1           execve
  0,00    0,000000           0         1           arch_prctl
  0,00    0,000000           0         1           set_tid_address
  0,00    0,000000           0         1           set_robust_list
  0,00    0,000000           0         1           rseq
------ ----------- ----------- --------- --------- ----------------
100,00    0,000361           3       108        17 total
