% time     seconds  usecs/call     calls    errors syscall
------ ----------- ----------- --------- --------- ----------------
 29,66    0,000183         183         1           execve
 26,42    0,000163           6        27           mmap
 14,91    0,000092           4        21        12 openat
  6,16    0,000038           5         7           mprotect
  5,51    0,000034           3         9           read
  3,40    0,000021           2        10           fstat
  2,92    0,000018           1        11           close
  1,62    0,000010          10         1           rseq
  1,46    0,000009           9         1           munmap
  1,46    0,000009           3         3           brk
  1,46    0,000009           4         2         2 statfs
  0,97    0,000006           3         2         2 access
  0,65    0,000004           2         2           dup
  0,49    0,000003           3         1           write
  0,49    0,000003           1         2           pread64
  0,32    0,000002           2         1         1 ioctl
  0,32    0,000002           2         1           getuid
  0,32    0,000002           2         1           geteuid
  0,32    0,000002           2         1           arch_prctl
  0,32    0,000002           2         1           set_tid_address
  0,32    0,000002           2         1           prlimit64
  0,32    0,000002           2         1           getrandom
  0,16    0,000001           1         1           set_robust_list
------ ----------- ----------- --------- --------- ----------------
100,00    0,000617           5       108        17 total
