% time     seconds  usecs/call     calls    errors syscall
------ ----------- ----------- --------- --------- ----------------
 22,75    0,000288          10        27           mmap
 21,25    0,000269         269         1           execve
 10,74    0,000136          10        13           openat
  9,72    0,000123           8        15           read
  5,77    0,000073           4        15           close
  5,21    0,000066           9         7           mprotect
  4,90    0,000062           5        12           fstat
  4,50    0,000057           5        10         9 readlink
  2,21    0,000028           7         4           newfstatat
  1,42    0,000018           9         2         2 statfs
  1,34    0,000017          17         1           munmap
  1,34    0,000017           5         3           brk
  0,95    0,000012           6         2         2 access
  0,87    0,000011           3         3           getuid
  0,79    0,000010           5         2           pread64
  0,79    0,000010           3         3           geteuid
  0,63    0,000008           4         2           getegid
  0,55    0,000007           3         2           dup
  0,55    0,000007           3         2           getgid
  0,55    0,000007           3         2           prctl
  0,39    0,000005           5         1           write
  0,32    0,000004           4         1         1 ioctl
  0,32    0,000004           4         1           uname
  0,32    0,000004           4         1           arch_prctl
  0,32    0,000004           4         1           set_tid_address
  0,32    0,000004           4         1           set_robust_list
  0,32    0,000004           4         1           prlimit64
  0,32    0,000004           4         1           getrandom
  0,32    0,000004           4         1           rseq
  0,24    0,000003           3         1           fcntl
------ ----------- ----------- --------- --------- ----------------
100,00    0,001266           9       138        14 total
