% time     seconds  usecs/call     calls    errors syscall
------ ----------- ----------- --------- --------- ----------------
 42,15    0,000094           4        21        12 openat
 13,45    0,000030           3         9           read
 10,31    0,000023           2        11           close
  8,52    0,000019           1        10           fstat
  5,83    0,000013           4         3           brk
  4,04    0,000009           0        27           mmap
  3,14    0,000007           3         2           dup
  2,69    0,000006           6         1           write
  2,24    0,000005           2         2         2 access
  2,24    0,000005           5         1           getrandom
  1,79    0,000004           4         1         1 ioctl
  1,79    0,000004           4         1           getuid
  1,79    0,000004           4         1           geteuid
  0,00    0,000000           0         7           mprotect
  0,00    0,000000           0         1           munmap
  0,00    0,000000           0         2           pread64
  0,00    0,000000           0         1           execve
  0,00    0,000000           0         2         2 statfs
  0,00    0,000000           0         1           arch_prctl
  0,00    0,000000           0         1           set_tid_address
  0,00    0,000000           0         1           set_robust_list
  0,00    0,000000           0         1           prlimit64
  0,00    0,000000           0         1           rseq
------ ----------- ----------- --------- --------- ----------------
100,00    0,000223           2       108        17 total
