% time     seconds  usecs/call     calls    errors syscall
------ ----------- ----------- --------- --------- ----------------
 46,39    0,001350          10       133           read
 10,14    0,000295           9        31           mmap
 10,14    0,000295         295         1           execve
  9,31    0,000271           2       112           lseek
  8,21    0,000239           4        54        16 openat
  4,12    0,000120           3        40           close
  2,34    0,000068           2        27        12 ioctl
  2,27    0,000066          13         5           munmap
  2,06    0,000060           2        23           fstat
  0,93    0,000027           1        14         9 readlink
  0,65    0,000019           3         6           newfstatat
  0,62    0,000018           2         7           brk
  0,55    0,000016           3         5         3 faccessat2
  0,48    0,000014           2         5           fcntl
  0,41    0,000012           2         5           fadvise64
  0,27    0,000008           4         2           pread64
  0,21    0,000006           3         2         2 access
  0,17    0,000005           2         2           dup
  0,17    0,000005           5         1           arch_prctl
  0,14    0,000004           4         1           set_robust_list
  0,10    0,000003           3         1           write
  0,10    0,000003           3         1           uname
  0,10    0,000003           3         1           set_tid_address
  0,10    0,000003           3         1           rseq
  0,00    0,000000           0         7           mprotect
  0,00    0,000000           0         3           getuid
  0,00    0,000000           0         2           getgid
  0,00    0,000000           0         3           geteuid
  0,00    0,000000           0         2           getegid
  0,00    0,000000           0         2         2 statfs
  0,00    0,000000           0         2           prctl
  0,00    0,000000           0         1           prlimit64
  0,00    0,000000           0         1           getrandom
------ ----------- ----------- --------- --------- ----------------
100,00    0,002910           5       503        44 total
