% time     seconds  usecs/call     calls    errors syscall
------ ----------- ----------- --------- --------- ----------------
 28,34    0,000280          10        27           mmap
 14,27    0,000141          10        13           openat
 13,16    0,000130           8        15           read
  7,09    0,000070           4        15           close
  6,17    0,000061           8         7           mprotect
  5,77    0,000057           4        12           fstat
  5,47    0,000054           5        10         9 readlink
  2,73    0,000027           6         4           newfstatat
  1,72    0,000017           8         2         2 statfs
  1,62    0,000016          16         1           munmap
  1,42    0,000014           4         3           brk
  1,42    0,000014           4         3           getuid
  1,21    0,000012           6         2         2 access
  1,21    0,000012           4         3           geteuid
  0,91    0,000009           4         2           pread64
  0,91    0,000009           4         2           prctl
  0,91    0,000009           9         1           rseq
  0,71    0,000007           3         2           dup
  0,71    0,000007           3         2           getgid
  0,61    0,000006           3         2           getegid
  0,51    0,000005           5         1           uname
  0,51    0,000005           5         1           getrandom
  0,40    0,000004           4         1           write
  0,40    0,000004           4         1         1 ioctl
  0,40    0,000004           4         1           fcntl
  0,40    0,000004           4         1           arch_prctl
  0,40    0,000004           4         1           prlimit64
  0,30    0,000003           3         1           set_tid_address
  0,30    0,000003           3         1           set_robust_list
  0,00    0,000000           0         1           execve
------ ----------- ----------- --------- --------- ----------------
100,00    0,000988           7       138        14 total
