% time     seconds  usecs/call     calls    errors syscall
------ ----------- ----------- --------- --------- ----------------
 49,31    0,001749          13       133           read
 11,67    0,000414           7        54        16 openat
 10,54    0,000374           3       112           lseek
  6,15    0,000218           7        31           mmap
  4,09    0,000145           3        40           close
  3,38    0,000120          24         5           munmap
  2,71    0,000096           3        27        12 ioctl
  2,23    0,000079           3        23           fstat
  2,14    0,000076           5        14         9 readlink
  1,64    0,000058           8         7           mprotect
  0,96    0,000034           4         7           brk
  0,96    0,000034           5         6           newfstatat
  0,70    0,000025           5         5         3 faccessat2
  0,51    0,000018           3         5           fadvise64
  0,42    0,000015           3         5           fcntl
  0,42    0,000015           7         2         2 statfs
  0,28    0,000010           3         3           getuid
  0,25    0,000009           3         3           geteuid
  0,23    0,000008           4         2           pread64
  0,20    0,000007           3         2           prctl
  0,17    0,000006           3         2           getgid
  0,17    0,000006           3         2           getegid
  0,14    0,000005           2         2         2 access
  0,14    0,000005           5         1           set_tid_address
  0,11    0,000004           4         1           prlimit64
  0,11    0,000004           4         1           getrandom
  0,11    0,000004           4         1           rseq
  0,08    0,000003           3         1           uname
  0,08    0,000003           3         1           arch_prctl
  0,08    0,000003           3         1           set_robust_list
  0,00    0,000000           0         1           write
  0,00    0,000000           0         2           dup
  0,00    0,000000           0         1           execve
------ ----------- ----------- --------- --------- ----------------
100,00    0,003547           7       503        44 total
