% time     seconds  usecs/call     calls    errors syscall
------ ----------- ----------- --------- --------- ----------------
 26,70    0,000243           9        27           mmap
 14,40    0,000131          10        13           openat
 14,18    0,000129           8        15           read
  7,58    0,000069           4        15           close
  6,37    0,000058           8         7           mprotect
  5,82    0,000053           5        10         9 readlink
  5,49    0,000050           4        12           fstat
  2,86    0,000026           6         4           newfstatat
  1,87    0,000017          17         1           munmap
  1,76    0,000016           8         2         2 statfs
  1,43    0,000013           4         3           brk
  1,43    0,000013           6         2         2 access
  1,21    0,000011           3         3           getuid
  1,21    0,000011           3         3           geteuid
  0,88    0,000008           4         2           pread64
  0,88    0,000008           4         2           prctl
  0,77    0,000007           3         2           dup
  0,77    0,000007           3         2           getgid
  0,77    0,000007           3         2           getegid
  0,55    0,000005           5         1           write
  0,44    0,000004           4         1         1 ioctl
  0,44    0,000004           4         1           uname
  0,44    0,000004           4         1           fcntl
  0,44    0,000004           4         1           prlimit64
  0,44    0,000004           4         1           getrandom
  0,22    0,000002           2         1           arch_prctl
  0,22    0,000002           2         1           set_tid_address
  0,22    0,000002           2         1           set_robust_list
  0,22    0,000002           2         1           rseq
  0,00    0,000000           0         1           execve
------ ----------- ----------- --------- --------- ----------------
100,00    0,000910           6       138        14 total
