% time     seconds  usecs/call     calls    errors syscall
------ ----------- ----------- --------- --------- ----------------
 35,77    0,000186           6        27           mmap
 12,31    0,000064           9         7           mprotect
 10,19    0,000053           4        13           openat
  8,65    0,000045           3        15           read
  6,54    0,000034           2        15           close
  4,04    0,000021           1        12           fstat
  3,08    0,000016          16         1           munmap
  3,08    0,000016           8         2         2 statfs
  2,50    0,000013           1        10         9 readlink
  2,31    0,000012           3         4           newfstatat
  2,12    0,000011           3         3           brk
  1,54    0,000008           4         2           pread64
  0,77    0,000004           2         2           dup
  0,77    0,000004           4         1           arch_prctl
  0,77    0,000004           4         1           set_tid_address
  0,77    0,000004           4         1           prlimit64
  0,77    0,000004           4         1           getrandom
  0,58    0,000003           3         1           set_robust_list
  0,58    0,000003           3         1           rseq
  0,38    0,000002           2         1           write
  0,38    0,000002           2         1         1 ioctl
  0,38    0,000002           2         1           uname
  0,38    0,000002           0         3           getuid
  0,38    0,000002           0         3           geteuid
  0,38    0,000002           1         2           prctl
  0,19    0,000001           1         1           fcntl
  0,19    0,000001           0         2           getgid
  0,19    0,000001           0         2           getegid
  0,00    0,000000           0         2         2 access
  0,00    0,000000           0         1           execve
------ ----------- ----------- --------- --------- ----------------
100,00    0,000520           3       138        14 total
