% time     seconds  usecs/call     calls    errors syscall
------ ----------- ----------- --------- --------- ----------------
 45,89    0,001414          10       133           read
 10,35    0,000319           2       112           lseek
 10,22    0,000315         315         1           execve
  8,86    0,000273           5        54        16 openat
  4,77    0,000147           4        31           mmap
  4,19    0,000129           3        40           close
  3,12    0,000096          19         5           munmap
  2,53    0,000078           2        27        12 ioctl
  2,01    0,000062           2        23           fstat
  1,59    0,000049           3        14         9 readlink
  0,94    0,000029           4         7           mprotect
  0,91    0,000028           4         7           brk
  0,75    0,000023           3         6           newfstatat
  0,62    0,000019           3         5         3 faccessat2
  0,55    0,000017           3         5           fcntl
  0,42    0,000013           2         5           fadvise64
  0,29    0,000009           4         2         2 statfs
  0,23    0,000007           3         2         2 access
  0,19    0,000006           3         2           dup
  0,19    0,000006           2         3           geteuid
  0,16    0,000005           2         2           pread64
  0,16    0,000005           1         3           getuid
  0,13    0,000004           4         1           uname
  0,13    0,000004           2         2           getgid
  0,13    0,000004           2         2           getegid
  0,13    0,000004           2         2           prctl
  0,10    0,000003           3         1           write
  0,10    0,000003           3         1           getrandom
  0,06    0,000002           2         1           arch_prctl
  0,06    0,000002           2         1           set_tid_address
  0,06    0,000002           2         1           set_robust_list
  0,06    0,000002           2         1           prlimit64
  0,06    0,000002           2         1           rseq
------ ----------- ----------- --------- --------- ----------------
100,00    0,003081           6       503        44 total
