% time     seconds  usecs/call     calls    errors syscall
------ ----------- ----------- --------- --------- ----------------
 23,12    0,000111           8        13           openat
 22,92    0,000110           7        15           read
 11,25    0,000054           5        10         9 readlink
 10,42    0,000050           3        15           close
  6,46    0,000031           7         4           newfstatat
  6,04    0,000029           2        12           fstat
  3,33    0,000016           5         3           getuid
  2,50    0,000012           0        27           mmap
  2,50    0,000012           4         3           geteuid
  1,67    0,000008           4         2           dup
  1,67    0,000008           4         2           prctl
  1,46    0,000007           3         2         2 access
  1,46    0,000007           3         2           getgid
  1,25    0,000006           6         1           write
  1,25    0,000006           3         2           getegid
  1,04    0,000005           5         1           uname
  0,83    0,000004           4         1         1 ioctl
  0,83    0,000004           4         1           fcntl
  0,00    0,000000           0         7           mprotect
  0,00    0,000000           0         1           munmap
  0,00    0,000000           0         3           brk
  0,00    0,000000           0         2           pread64
  0,00    0,000000           0         1           execve
  0,00    0,000000           0         2         2 statfs
  0,00    0,000000           0         1           arch_prctl
  0,00    0,000000           0         1           set_tid_address
  0,00    0,000000           0         1           set_robust_list
  0,00    0,000000           0         1           prlimit64
  0,00    0,000000           0         1           getrandom
  0,00    0,000000           0         1           rseq
------ ----------- ----------- --------- --------- ----------------
100,00    0,000480           3       138        14 total
