% time     seconds  usecs/call     calls    errors syscall
------ ----------- ----------- --------- --------- ----------------
 25,28    0,000178         178         1           execve
 25,14    0,000177           6        27           mmap
 10,94    0,000077           3        21           read
  9,38    0,000066           3        19           openat
  5,82    0,000041           5         7           mprotect
  3,84    0,000027           1        21           close
  3,84    0,000027           1        14           fstat
  2,13    0,000015           7         2         2 statfs
  1,99    0,000014          14         1           munmap
  1,85    0,000013           4         3           brk
  1,70    0,000012           0        14        13 readlink
  0,85    0,000006           3         2           pread64
  0,85    0,000006           3         2         2 access
  0,85    0,000006           2         3           getuid
  0,71    0,000005           1         3           geteuid
  0,71    0,000005           0        10           newfstatat
  0,57    0,000004           2         2           getgid
  0,57    0,000004           2         2           getegid
  0,57    0,000004           2         2           prctl
  0,43    0,000003           3         1         1 ioctl
  0,43    0,000003           3         1           prlimit64
  0,43    0,000003           3         1           getrandom
  0,28    0,000002           2         1           arch_prctl
  0,28    0,000002           2         1           set_tid_address
  0,28    0,000002           2         1           set_robust_list
  0,28    0,000002           2         1           rseq
  0,00    0,000000           0         1           write
  0,00    0,000000           0         2           dup
  0,00    0,000000           0         1           uname
  0,00    0,000000           0         3           fcntl
------ ----------- ----------- --------- --------- ----------------
100,00    0,000704           4       170        18 total
