% time     seconds  usecs/call     calls    errors syscall
------ ----------- ----------- --------- --------- ----------------
 19,84    0,000179         179         1           execve
 19,62    0,000177           6        27           mmap
 14,75    0,000133           7        19           openat
 12,75    0,000115           5        21           read
  6,10    0,000055           2        21           close
  4,10    0,000037           5         7           mprotect
  4,10    0,000037           2        14        13 readlink
  4,10    0,000037           3        10           newfstatat
  3,66    0,000033           2        14           fstat
  1,22    0,000011           3         3           getuid
  1,22    0,000011           5         2         2 statfs
  1,11    0,000010          10         1           munmap
  1,11    0,000010           3         3           brk
  0,78    0,000007           3         2         2 access
  0,78    0,000007           2         3           fcntl
  0,55    0,000005           2         2           pread64
  0,55    0,000005           1         3           geteuid
  0,44    0,000004           2         2           dup
  0,44    0,000004           2         2           getgid
  0,44    0,000004           2         2           prctl
  0,33    0,000003           3         1           write
  0,33    0,000003           1         2           getegid
  0,22    0,000002           2         1         1 ioctl
  0,22    0,000002           2         1           uname
  0,22    0,000002           2         1           arch_prctl
  0,22    0,000002           2         1           set_tid_address
  0,22    0,000002           2         1           prlimit64
  0,22    0,000002           2         1           getrandom
  0,22    0,000002           2         1           rseq
  0,11    0,000001           1         1           set_robust_list
------ ----------- ----------- --------- --------- ----------------
100,00    0,000902           5       170        18 total
