% time     seconds  usecs/call     calls    errors syscall
------ ----------- ----------- --------- --------- ----------------
 19,71    0,000138           9        15           read
 13,29    0,000093           3        27           mmap
 13,29    0,000093           7        13           openat
  8,71    0,000061           8         7           mprotect
  8,14    0,000057           3        15           close
  7,86    0,000055           5        10         9 readlink
  4,43    0,000031           2        12           fstat
  3,86    0,000027           6         4           newfstatat
  2,43    0,000017          17         1           munmap
  2,29    0,000016           8         2         2 statfs
  1,71    0,000012           4         3           brk
  1,57    0,000011           3         3           getuid
  1,57    0,000011           3         3           geteuid
  1,14    0,000008           4         2           getegid
  1,14    0,000008           4         2           prctl
  1,00    0,000007           3         2           dup
  0,86    0,000006           3         2         2 access
  0,86    0,000006           3         2           getgid
  0,71    0,000005           5         1           write
  0,71    0,000005           5         1         1 ioctl
  0,71    0,000005           5         1           getrandom
  0,57    0,000004           4         1           uname
  0,57    0,000004           4         1           fcntl
  0,57    0,000004           4         1           arch_prctl
  0,57    0,000004           4         1           set_tid_address
  0,57    0,000004           4         1           set_robust_list
  0,57    0,000004           4         1           prlimit64
  0,57    0,000004           4         1           rseq
  0,00    0,000000           0         2           pread64
  0,00    0,000000           0         1           execve
------ ----------- ----------- --------- --------- ----------------
100,00    0,000700           5       138        14 total
