% time     seconds  usecs/call     calls    errors syscall
------ ----------- ----------- --------- --------- ----------------
 26,55    0,000261           9        27           mmap
 14,24    0,000140           9        15           read
 12,82    0,000126           9        13           openat
  7,53    0,000074           4        15           close
  7,02    0,000069           9         7           mprotect
  5,90    0,000058           5        10         9 readlink
  4,88    0,000048           4        12           fstat
  3,05    0,000030           7         4           newfstatat
  2,24    0,000022          22         1           munmap
  1,83    0,000018           9         2         2 statfs
  1,73    0,000017           8         2           prctl
  1,32    0,000013           4         3           brk
  1,32    0,000013           4         3           getuid
  1,12    0,000011           3         3           geteuid
  0,92    0,000009           4         2           pread64
  0,81    0,000008           4         2           dup
  0,81    0,000008           4         2           getgid
  0,81    0,000008           4         2           getegid
  0,61    0,000006           3         2         2 access
  0,51    0,000005           5         1           write
  0,51    0,000005           5         1           uname
  0,51    0,000005           5         1           prlimit64
  0,51    0,000005           5         1           getrandom
  0,41    0,000004           4         1         1 ioctl
  0,41    0,000004           4         1           fcntl
  0,41    0,000004           4         1           arch_prctl
  0,41    0,000004           4         1           set_tid_address
  0,41    0,000004           4         1           set_robust_list
  0,41    0,000004           4         1           rseq
  0,00    0,000000           0         1           execve
------ ----------- ----------- --------- --------- ----------------
100,00    0,000983           7       138        14 total
