% time     seconds  usecs/call     calls    errors syscall
------ ----------- ----------- --------- --------- ----------------
 21,97    0,000105           5        21        12 openat
 21,34    0,000102           3        27           mmap
 15,06    0,000072          10         7           mprotect
  7,53    0,000036           4         9           read
  6,49    0,000031           2        11           close
  6,49    0,000031           3        10           fstat
  3,77    0,000018           9         2         2 statfs
  3,56    0,000017          17         1           munmap
  2,51    0,000012           4         3           brk
  1,67    0,000008           4         2           dup
  1,26    0,000006           6         1           write
  1,05    0,000005           2         2         2 access
  1,05    0,000005           5         1           getrandom
  0,84    0,000004           4         1         1 ioctl
  0,84    0,000004           4         1           getuid
  0,84    0,000004           4         1           arch_prctl
  0,84    0,000004           4         1           set_tid_address
  0,84    0,000004           4         1           prlimit64
  0,84    0,000004           4         1           rseq
  0,63    0,000003           3         1           geteuid
  0,63    0,000003           3         1           set_robust_list
  0,00    0,000000           0         2           pread64
  0,00    0,000000           0         1           execve
------ ----------- ----------- --------- --------- ----------------
100,00    0,000478           4       108        17 total
