% time     seconds  usecs/call     calls    errors syscall
------ ----------- ----------- --------- --------- ----------------
 26,92    0,000291         291         1           execve
 25,53    0,000276          10        27           mmap
  9,71    0,000105           7        15           read
  9,16    0,000099           7        13           openat
  5,64    0,000061           8         7           mprotect
  3,98    0,000043           3        12           fstat
  3,79    0,000041           2        15           close
  1,85    0,000020           2        10         9 readlink
  1,57    0,000017          17         1           munmap
  1,57    0,000017           5         3           brk
  1,57    0,000017           8         2         2 statfs
  1,11    0,000012           6         2           pread64
  1,02    0,000011           5         2         2 access
  0,93    0,000010           3         3           getuid
  0,83    0,000009           3         3           geteuid
  0,74    0,000008           8         1           set_tid_address
  0,65    0,000007           3         2           prctl
  0,65    0,000007           1         4           newfstatat
  0,56    0,000006           3         2           getgid
  0,56    0,000006           3         2           getegid
  0,37    0,000004           4         1           set_robust_list
  0,37    0,000004           4         1           prlimit64
  0,37    0,000004           4         1           getrandom
  0,28    0,000003           3         1           arch_prctl
  0,28    0,000003           3         1           rseq
  0,00    0,000000           0         1           write
  0,00    0,000000           0         1         1 ioctl
  0,00    0,000000           0         2           dup
  0,00    0,000000           0         1           uname
  0,00    0,000000           0         1           fcntl
------ ----------- ----------- --------- --------- ----------------
100,00    0,001081           7       138        14 total
