% time     seconds  usecs/call     calls    errors syscall
------ ----------- ----------- --------- --------- ----------------
 16,33    0,000105           7        15           read
 14,15    0,000091           7        13           openat
 10,73    0,000069           2        27           mmap
  9,02    0,000058           8         7           mprotect
  8,40    0,000054           3        15           close
  8,40    0,000054           5        10         9 readlink
  4,67    0,000030           2        12           fstat
  4,04    0,000026           6         4           newfstatat
  2,80    0,000018          18         1           munmap
  2,64    0,000017           8         2         2 statfs
  2,18    0,000014          14         1           write
  2,02    0,000013           4         3           brk
  1,87    0,000012           4         3           getuid
  1,71    0,000011           3         3           geteuid
  1,40    0,000009           4         2           dup
  1,24    0,000008           4         2           prctl
  1,09    0,000007           3         2           getgid
  0,93    0,000006           3         2         2 access
  0,93    0,000006           3         2           getegid
  0,78    0,000005           5         1           getrandom
  0,62    0,000004           4         1         1 ioctl
  0,62    0,000004           4         1           uname
  0,62    0,000004           4         1           arch_prctl
  0,62    0,000004           4         1           set_tid_address
  0,62    0,000004           4         1           prlimit64
  0,62    0,000004           4         1           rseq
  0,47    0,000003           3         1           fcntl
  0,47    0,000003           3         1           set_robust_list
  0,00    0,000000           0         2           pread64
  0,00    0,000000           0         1           execve
------ ----------- ----------- --------- --------- ----------------
100,00    0,000643           4       138        14 total
