% time     seconds  usecs/call     calls    errors syscall
------ ----------- ----------- --------- --------- ----------------
 28,36    0,000283         283         1           execve
 26,25    0,000262           9        27           mmap
  9,12    0,000091           7        13           openat
  6,31    0,000063           4        15           read
  5,91    0,000059           8         7           mprotect
  4,41    0,000044           2        15           close
  4,01    0,000040           3        12           fstat
  2,20    0,000022           2        10         9 readlink
  2,20    0,000022           5         4           newfstatat
  1,60    0,000016          16         1           munmap
  1,60    0,000016           5         3           brk
  1,50    0,000015           7         2         2 statfs
  0,90    0,000009           4         2           pread64
  0,60    0,000006           3         2         2 access
  0,60    0,000006           3         2           dup
  0,40    0,000004           4         1           write
  0,40    0,000004           4         1           uname
  0,40    0,000004           4         1           arch_prctl
  0,40    0,000004           4         1           prlimit64
  0,40    0,000004           4         1           getrandom
  0,40    0,000004           4         1           rseq
  0,30    0,000003           3         1         1 ioctl
  0,30    0,000003           3         1           fcntl
  0,30    0,000003           1         2           getgid
  0,30    0,000003           1         2           prctl
  0,30    0,000003           3         1           set_tid_address
  0,30    0,000003           3         1           set_robust_list
  0,20    0,000002           1         2           getegid
  0,00    0,000000           0         3           getuid
  0,00    0,000000           0         3           geteuid
------ ----------- ----------- --------- --------- ----------------
100,00    0,000998           7       138        14 total
