% time     seconds  usecs/call     calls    errors syscall
------ ----------- ----------- --------- --------- ----------------
 24,65    0,000178         178         1           execve
 23,41    0,000169           6        27           mmap
 12,33    0,000089           4        19           openat
  9,70    0,000070           3        21           read
  5,68    0,000041           1        21           close
  4,16    0,000030           4         7           mprotect
  3,19    0,000023           1        14           fstat
  2,91    0,000021           1        12        11 readlink
  2,91    0,000021           2        10           newfstatat
  1,39    0,000010           3         3           brk
  1,39    0,000010           5         2         2 statfs
  1,25    0,000009           9         1           munmap
  0,83    0,000006           3         2         2 access
  0,83    0,000006           6         1           getrandom
  0,69    0,000005           1         3           geteuid
  0,55    0,000004           2         2           pread64
  0,55    0,000004           1         3           fcntl
  0,55    0,000004           1         3           getuid
  0,42    0,000003           1         2           prctl
  0,28    0,000002           2         1           write
  0,28    0,000002           2         1         1 ioctl
  0,28    0,000002           1         2           dup
  0,28    0,000002           1         2           getgid
  0,28    0,000002           1         2           getegid
  0,28    0,000002           2         1           set_tid_address
  0,28    0,000002           2         1           prlimit64
  0,28    0,000002           2         1           rseq
  0,14    0,000001           1         1           uname
  0,14    0,000001           1         1           arch_prctl
  0,14    0,000001           1         1           set_robust_list
------ ----------- ----------- --------- --------- ----------------
100,00    0,000722           4       168        16 total
