% time     seconds  usecs/call     calls    errors syscall
------ ----------- ----------- --------- --------- ----------------
 24,06    0,000122           4        27           mmap
 21,10    0,000107           5        21        12 openat
 14,00    0,000071          10         7           mprotect
  8,09    0,000041           4         9           read
  6,11    0,000031           2        11           close
  5,13    0,000026           2        10           fstat
  4,93    0,000025          25         1           munmap
  3,75    0,000019           9         2         2 statfs
  2,76    0,000014           4         3           brk
  1,18    0,000006           3         2         2 access
  1,18    0,000006           3         2           dup
  1,18    0,000006           6         1           prlimit64
  0,99    0,000005           5         1           write
  0,79    0,000004           4         1         1 ioctl
  0,79    0,000004           4         1           getuid
  0,79    0,000004           4         1           getrandom
  0,79    0,000004           4         1           rseq
  0,59    0,000003           3         1           geteuid
  0,59    0,000003           3         1           arch_prctl
  0,59    0,000003           3         1           set_tid_address
  0,59    0,000003           3         1           set_robust_list
  0,00    0,000000           0         2           pread64
  0,00    0,000000           0         1           execve
------ ----------- ----------- --------- --------- ----------------
100,00    0,000507           4       108        17 total
