% time     seconds  usecs/call     calls    errors syscall
------ ----------- ----------- --------- --------- ----------------
 22,84    0,000310         310         1           execve
 21,15    0,000287          10        27           mmap
 10,10    0,000137           9        14           read
  9,36    0,000127          10        12           openat
  5,60    0,000076          10         7           mprotect
  5,38    0,000073           5        14           close
  3,91    0,000053           5         9         7 readlink
  3,76    0,000051           4        11           fstat
  2,14    0,000029           7         4           newfstatat
  1,62    0,000022           7         3           brk
  1,47    0,000020          20         1           munmap
  1,40    0,000019           9         2         2 statfs
  1,18    0,000016           4         4           getuid
  1,18    0,000016           8         2           statx
  1,11    0,000015           3         4           geteuid
  0,96    0,000013           6         2         2 access
  0,88    0,000012           4         3           getgid
  0,88    0,000012           4         3           getegid
  0,88    0,000012           4         3           prctl
  0,66    0,000009           4         2           pread64
  0,66    0,000009           4         2           dup
  0,59    0,000008           8         1           ioctl
  0,44    0,000006           6         1           getrandom
  0,37    0,000005           5         1           uname
  0,37    0,000005           5         1           prlimit64
  0,29    0,000004           4         1           arch_prctl
  0,29    0,000004           4         1           set_tid_address
  0,29    0,000004           4         1           rseq
  0,22    0,000003           3         1           set_robust_list
------ ----------- ----------- --------- --------- ----------------
100,00    0,001357           9       138        11 total
