% time     seconds  usecs/call     calls    errors syscall
------ ----------- ----------- --------- --------- ----------------
 34,29    0,000096           4        21        12 openat
 10,71    0,000030           3         9           read
  8,57    0,000024           2        11           close
  6,79    0,000019           2         7           mprotect
  6,43    0,000018           1        10           fstat
  6,07    0,000017          17         1           munmap
  6,07    0,000017           8         2         2 statfs
  4,64    0,000013           4         3           brk
  3,21    0,000009           0        27           mmap
  2,50    0,000007           3         2           dup
  1,79    0,000005           5         1           write
  1,79    0,000005           2         2         2 access
  1,79    0,000005           5         1           getrandom
  1,43    0,000004           4         1         1 ioctl
  1,43    0,000004           4         1           getuid
  1,43    0,000004           4         1           prlimit64
  1,07    0,000003           3         1           geteuid
  0,00    0,000000           0         2           pread64
  0,00    0,000000           0         1           execve
  0,00    0,000000           0         1           arch_prctl
  0,00    0,000000           0         1           set_tid_address
  0,00    0,000000           0         1           set_robust_list
  0,00    0,000000           0         1           rseq
------ ----------- ----------- --------- --------- ----------------
100,00    0,000280           2       108        17 total
