% time     seconds  usecs/call     calls    errors syscall
------ ----------- ----------- --------- --------- ----------------
 27,16    0,000066           7         9         7 readlink
 13,17    0,000032           8         4           newfstatat
 12,35    0,000030           2        14           close
 11,11    0,000027           2        12           openat
  9,88    0,000024           1        14           read
  4,53    0,000011          11         1           ioctl
  4,12    0,000010           5         2           dup
  3,70    0,000009           4         2           statx
  2,88    0,000007           7         1           uname
  2,06    0,000005           0        11           fstat
  2,06    0,000005           1         4           getuid
  2,06    0,000005           1         3           prctl
  1,65    0,000004           1         3           getgid
  1,65    0,000004           1         4           geteuid
  1,65    0,000004           1         3           getegid
  0,00    0,000000           0        27           mmap
  0,00    0,000000           0         7           mprotect
  0,00    0,000000           0         1           munmap
  0,00    0,000000           0         3           brk
  0,00    0,000000           0         2           pread64
  0,00    0,000000           0         2         2 access
  0,00    0,000000           0         1           execve
  0,00    0,000000           0         2         2 statfs
  0,00    0,000000           0         1           arch_prctl
  0,00    0,000000           0         1           set_tid_address
  0,00    0,000000           0         1           set_robust_list
  0,00    0,000000           0         1           prlimit64
  0,00    0,000000           0         1           getrandom
  0,00    0,000000           0         1           rseq
------ ----------- ----------- --------- --------- ----------------
100,00    0,000243           1       138        11 total
