% time     seconds  usecs/call     calls    errors syscall
------ ----------- ----------- --------- --------- ----------------
 29,83    0,000315         315         1           execve
 28,41    0,000300          11        27           mmap
  9,09    0,000096           6        15           read
  6,72    0,000071           5        13           openat
  4,64    0,000049           7         7           mprotect
  4,26    0,000045           4        10         9 readlink
  4,07    0,000043           3        12           fstat
  3,60    0,000038           2        15           close
  2,84    0,000030           7         4           newfstatat
  0,95    0,000010           5         2           pread64
  0,76    0,000008           4         2         2 access
  0,47    0,000005           5         1         1 ioctl
  0,47    0,000005           5         1           uname
  0,47    0,000005           5         1           arch_prctl
  0,38    0,000004           1         3           brk
  0,38    0,000004           1         3           getuid
  0,38    0,000004           2         2           getgid
  0,38    0,000004           1         3           geteuid
  0,38    0,000004           2         2           getegid
  0,38    0,000004           2         2           prctl
  0,38    0,000004           4         1           set_tid_address
  0,38    0,000004           4         1           set_robust_list
  0,38    0,000004           4         1           rseq
  0,00    0,000000           0         1           write
  0,00    0,000000           0         1           munmap
  0,00    0,000000           0         2           dup
  0,00    0,000000           0         1           fcntl
  0,00    0,000000           0         2         2 statfs
  0,00    0,000000           0         1           prlimit64
  0,00    0,000000           0         1           getrandom
------ ----------- ----------- --------- --------- ----------------
100,00    0,001056           7       138        14 total
