% time     seconds  usecs/call     calls    errors syscall
------ ----------- ----------- --------- --------- ----------------
 22,48    0,000290          10        27           mmap
 22,17    0,000286         286         1           execve
 10,62    0,000137          10        13           openat
  9,92    0,000128           8        15           read
  5,81    0,000075          10         7           mprotect
  5,58    0,000072           4        15           close
  4,34    0,000056           4        12           fstat
  4,11    0,000053           5        10         9 readlink
  2,09    0,000027           6         4           newfstatat
  1,40    0,000018           6         3           brk
  1,32    0,000017           8         2         2 statfs
  1,24    0,000016          16         1           munmap
  1,01    0,000013           6         2         2 access
  0,93    0,000012           4         3           getuid
  0,78    0,000010           3         3           geteuid
  0,70    0,000009           4         2           pread64
  0,54    0,000007           3         2           dup
  0,54    0,000007           3         2           getgid
  0,54    0,000007           3         2           getegid
  0,54    0,000007           3         2           prctl
  0,39    0,000005           5         1         1 ioctl
  0,39    0,000005           5         1           prlimit64
  0,39    0,000005           5         1           getrandom
  0,31    0,000004           4         1           write
  0,31    0,000004           4         1           uname
  0,31    0,000004           4         1           fcntl
  0,31    0,000004           4         1           arch_prctl
  0,31    0,000004           4         1           set_tid_address
  0,31    0,000004           4         1           set_robust_list
  0,31    0,000004           4         1           rseq
------ ----------- ----------- --------- --------- ----------------
100,00    0,001290           9       138        14 total
