% time     seconds  usecs/call     calls    errors syscall
------ ----------- ----------- --------- --------- ----------------
 25,28    0,000295         295         1           execve
 22,88    0,000267           9        27           mmap
  9,77    0,000114           7        15           read
  9,77    0,000114           8        13           openat
  5,91    0,000069           9         7           mprotect
  4,71    0,000055           3        15           close
  4,11    0,000048           4        12           fstat
  3,26    0,000038           3        10         9 readlink
  1,54    0,000018           4         4           newfstatat
  1,46    0,000017          17         1           munmap
  1,46    0,000017           5         3           brk
  1,29    0,000015           7         2         2 statfs
  1,03    0,000012           6         2         2 access
  0,86    0,000010           3         3           getuid
  0,86    0,000010           3         3           geteuid
  0,77    0,000009           4         2           pread64
  0,69    0,000008           4         2           prctl
  0,69    0,000008           8         1           getrandom
  0,51    0,000006           3         2           getgid
  0,51    0,000006           3         2           getegid
  0,34    0,000004           2         2           dup
  0,34    0,000004           4         1           arch_prctl
  0,34    0,000004           4         1           prlimit64
  0,26    0,000003           3         1         1 ioctl
  0,26    0,000003           3         1           uname
  0,26    0,000003           3         1           set_tid_address
  0,26    0,000003           3         1           set_robust_list
  0,26    0,000003           3         1           rseq
  0,17    0,000002           2         1           write
  0,17    0,000002           2         1           fcntl
------ ----------- ----------- --------- --------- ----------------
100,00    0,001167           8       138        14 total
