% time     seconds  usecs/call     calls    errors syscall
------ ----------- ----------- --------- --------- ----------------
 47,30    0,001269           5       229           read
 11,74    0,000315           4        70        20 openat
  7,31    0,000196           0       202           lseek
  6,22    0,000167           5        31           mmap
  6,22    0,000167         167         1           execve
  3,99    0,000107           2        52           close
  2,98    0,000080          16         5           munmap
  2,20    0,000059           2        27           fstat
  1,90    0,000051           2        18        13 readlink
  1,83    0,000049           1        39        18 ioctl
  1,75    0,000047           5         9           brk
  1,49    0,000040           5         7           mprotect
  1,12    0,000030           2        12           newfstatat
  0,60    0,000016           2         7         5 faccessat2
  0,56    0,000015           7         2           prctl
  0,41    0,000011           5         2         2 statfs
  0,37    0,000010           1         7           fadvise64
  0,30    0,000008           1         7           fcntl
  0,26    0,000007           3         2         2 access
  0,22    0,000006           2         3           getuid
  0,22    0,000006           2         3           geteuid
  0,15    0,000004           2         2           pread64
  0,15    0,000004           2         2           getegid
  0,11    0,000003           1         2           getgid
  0,07    0,000002           1         2           dup
  0,07    0,000002           2         1           uname
  0,07    0,000002           2         1           arch_prctl
  0,07    0,000002           2         1           set_robust_list
  0,07    0,000002           2         1           prlimit64
  0,07    0,000002           2         1           getrandom
  0,07    0,000002           2         1           rseq
  0,04    0,000001           1         1           write
  0,04    0,000001           1         1           set_tid_address
------ ----------- ----------- --------- --------- ----------------
100,00    0,002683           3       751        60 total
