% time     seconds  usecs/call     calls    errors syscall
------ ----------- ----------- --------- --------- ----------------
 21,90    0,000097           6        15           read
 19,86    0,000088           6        13           openat
 13,32    0,000059           5        10         9 readlink
 10,61    0,000047           3        15           close
  6,55    0,000029           7         4           newfstatat
  5,64    0,000025           2        12           fstat
  3,61    0,000016           5         3           brk
  2,48    0,000011           3         3           geteuid
  2,26    0,000010           5         2           prctl
  2,03    0,000009           0        27           mmap
  2,03    0,000009           3         3           getuid
  1,58    0,000007           3         2           dup
  1,58    0,000007           3         2           getgid
  1,58    0,000007           3         2           getegid
  1,35    0,000006           3         2         2 access
  0,90    0,000004           4         1           write
  0,90    0,000004           4         1         1 ioctl
  0,90    0,000004           4         1           uname
  0,90    0,000004           4         1           fcntl
  0,00    0,000000           0         7           mprotect
  0,00    0,000000           0         1           munmap
  0,00    0,000000           0         2           pread64
  0,00    0,000000           0         1           execve
  0,00    0,000000           0         2         2 statfs
  0,00    0,000000           0         1           arch_prctl
  0,00    0,000000           0         1           set_tid_address
  0,00    0,000000           0         1           set_robust_list
  0,00    0,000000           0         1           prlimit64
  0,00    0,000000           0         1           getrandom
  0,00    0,000000           0         1           rseq
------ ----------- ----------- --------- --------- ----------------
100,00    0,000443           3       138        14 total
