% time     seconds  usecs/call     calls    errors syscall
------ ----------- ----------- --------- --------- ----------------
 27,58    0,000281          10        27           mmap
 16,29    0,000166          12        13           openat
 12,86    0,000131           8        15           read
  7,36    0,000075           5        15           close
  6,08    0,000062           8         7           mprotect
  5,50    0,000056           5        10         9 readlink
  5,30    0,000054           4        12           fstat
  2,94    0,000030           7         4           newfstatat
  1,77    0,000018          18         1           munmap
  1,57    0,000016           8         2         2 statfs
  1,28    0,000013           4         3           brk
  1,28    0,000013           4         3           getuid
  0,98    0,000010           5         2           pread64
  0,98    0,000010           3         3           geteuid
  0,79    0,000008           4         2           dup
  0,79    0,000008           4         2           getgid
  0,79    0,000008           4         2           getegid
  0,79    0,000008           4         2           prctl
  0,59    0,000006           3         2         2 access
  0,49    0,000005           5         1           write
  0,49    0,000005           5         1         1 ioctl
  0,49    0,000005           5         1           uname
  0,49    0,000005           5         1           fcntl
  0,49    0,000005           5         1           arch_prctl
  0,49    0,000005           5         1           getrandom
  0,39    0,000004           4         1           set_tid_address
  0,39    0,000004           4         1           set_robust_list
  0,39    0,000004           4         1           prlimit64
  0,39    0,000004           4         1           rseq
  0,00    0,000000           0         1           execve
------ ----------- ----------- --------- --------- ----------------
100,00    0,001019           7       138        14 total
