% time     seconds  usecs/call     calls    errors syscall
------ ----------- ----------- --------- --------- ----------------
 32,60    0,000370         370         1           execve
 18,77    0,000213           7        27           mmap
  8,81    0,000100           6        15           read
  8,72    0,000099           7        13           openat
  5,11    0,000058           3        15           close
  4,14    0,000047           3        12           fstat
  4,14    0,000047           6         7           mprotect
  3,35    0,000038           3        10         9 readlink
  1,76    0,000020           5         4           newfstatat
  1,50    0,000017           8         2         2 statfs
  1,41    0,000016           5         3           brk
  1,15    0,000013          13         1           munmap
  1,06    0,000012           6         2         2 access
  0,79    0,000009           3         3           getuid
  0,70    0,000008           4         2           pread64
  0,70    0,000008           2         3           geteuid
  0,62    0,000007           3         2           getgid
  0,62    0,000007           3         2           prctl
  0,53    0,000006           3         2           dup
  0,53    0,000006           3         2           getegid
  0,35    0,000004           4         1           write
  0,35    0,000004           4         1         1 ioctl
  0,35    0,000004           4         1           getrandom
  0,35    0,000004           4         1           rseq
  0,26    0,000003           3         1           uname
  0,26    0,000003           3         1           fcntl
  0,26    0,000003           3         1           arch_prctl
  0,26    0,000003           3         1           set_tid_address
  0,26    0,000003           3         1           set_robust_list
  0,26    0,000003           3         1           prlimit64
------ ----------- ----------- --------- --------- ----------------
100,00    0,001135           8       138        14 total
