% time     seconds  usecs/call     calls    errors syscall
------ ----------- ----------- --------- --------- ----------------
 35,32    0,000361         361         1           execve
 28,38    0,000290          10        27           mmap
  8,12    0,000083           6        12           openat
  6,75    0,000069           4        14           read
  4,11    0,000042           3        14           close
  3,62    0,000037           3        11           fstat
  2,84    0,000029           4         7           mprotect
  2,45    0,000025           2         9         7 readlink
  1,27    0,000013           3         4           newfstatat
  0,88    0,000009           4         2           pread64
  0,78    0,000008           4         2         2 access
  0,49    0,000005           1         3           getegid
  0,49    0,000005           2         2           statx
  0,39    0,000004           1         3           brk
  0,39    0,000004           4         1           ioctl
  0,39    0,000004           2         2           dup
  0,39    0,000004           1         4           getuid
  0,39    0,000004           1         3           getgid
  0,39    0,000004           1         4           geteuid
  0,39    0,000004           1         3           prctl
  0,39    0,000004           4         1           arch_prctl
  0,39    0,000004           4         1           set_tid_address
  0,39    0,000004           4         1           set_robust_list
  0,39    0,000004           4         1           rseq
  0,20    0,000002           2         1           uname
  0,00    0,000000           0         1           munmap
  0,00    0,000000           0         2         2 statfs
  0,00    0,000000           0         1           prlimit64
  0,00    0,000000           0         1           getrandom
------ ----------- ----------- --------- --------- ----------------
100,00    0,001022           7       138        11 total
