% time     seconds  usecs/call     calls    errors syscall
------ ----------- ----------- --------- --------- ----------------
 17,50    0,000105           7        14           read
 15,83    0,000095           3        27           mmap
 12,67    0,000076          10         7           mprotect
 12,67    0,000076           6        12           openat
  6,33    0,000038           2        14           close
  5,00    0,000030           2        11           fstat
  4,17    0,000025           2         9         7 readlink
  3,17    0,000019          19         1           munmap
  3,00    0,000018           9         2         2 statfs
  2,67    0,000016           5         3           brk
  2,00    0,000012           3         4           getuid
  2,00    0,000012           3         4           geteuid
  1,83    0,000011           3         3           prctl
  1,67    0,000010           3         3           getgid
  1,67    0,000010           3         3           getegid
  1,33    0,000008           2         4           newfstatat
  1,00    0,000006           3         2         2 access
  1,00    0,000006           6         1           getrandom
  0,83    0,000005           5         1           arch_prctl
  0,83    0,000005           5         1           prlimit64
  0,83    0,000005           5         1           rseq
  0,67    0,000004           4         1           set_tid_address
  0,67    0,000004           4         1           set_robust_list
  0,67    0,000004           2         2           statx
  0,00    0,000000           0         1           ioctl
  0,00    0,000000           0         2           pread64
  0,00    0,000000           0         2           dup
  0,00    0,000000           0         1           execve
  0,00    0,000000           0         1           uname
------ ----------- ----------- --------- --------- ----------------
100,00    0,000600           4       138        11 total
