% time     seconds  usecs/call     calls    errors syscall
------ ----------- ----------- --------- --------- ----------------
 22,18    0,000283          10        27           mmap
 20,45    0,000261         261         1           execve
 10,74    0,000137          10        13           openat
 10,27    0,000131           8        15           read
  6,03    0,000077           5        15           close
  5,49    0,000070          10         7           mprotect
  4,31    0,000055           4        12           fstat
  4,15    0,000053           5        10         9 readlink
  2,35    0,000030           7         4           newfstatat
  1,41    0,000018          18         1           munmap
  1,33    0,000017           5         3           brk
  1,33    0,000017           8         2         2 statfs
  1,25    0,000016           5         3           geteuid
  0,94    0,000012           6         2         2 access
  0,86    0,000011           3         3           getuid
  0,78    0,000010           5         2           pread64
  0,78    0,000010           5         2           getegid
  0,63    0,000008           4         2           dup
  0,63    0,000008           4         2           getgid
  0,63    0,000008           4         2           prctl
  0,47    0,000006           6         1           uname
  0,39    0,000005           5         1           write
  0,39    0,000005           5         1         1 ioctl
  0,39    0,000005           5         1           getrandom
  0,31    0,000004           4         1           fcntl
  0,31    0,000004           4         1           arch_prctl
  0,31    0,000004           4         1           set_robust_list
  0,31    0,000004           4         1           prlimit64
  0,31    0,000004           4         1           rseq
  0,24    0,000003           3         1           set_tid_address
------ ----------- ----------- --------- --------- ----------------
100,00    0,001276           9       138        14 total
