% time     seconds  usecs/call     calls    errors syscall
------ ----------- ----------- --------- --------- ----------------
 47,39    0,000263           9        27           mmap
 20,18    0,000112           5        21        12 openat
  6,49    0,000036           4         9           read
  6,49    0,000036           5         7           mprotect
  5,95    0,000033           3        10           fstat
  5,77    0,000032           2        11           close
  1,62    0,000009           4         2           pread64
  1,26    0,000007           3         2         2 access
  1,08    0,000006           3         2           dup
  0,72    0,000004           4         1           write
  0,72    0,000004           4         1         1 ioctl
  0,72    0,000004           4         1           arch_prctl
  0,54    0,000003           3         1           set_tid_address
  0,54    0,000003           3         1           set_robust_list
  0,54    0,000003           3         1           rseq
  0,00    0,000000           0         1           munmap
  0,00    0,000000           0         3           brk
  0,00    0,000000           0         1           execve
  0,00    0,000000           0         1           getuid
  0,00    0,000000           0         1           geteuid
  0,00    0,000000           0         2         2 statfs
  0,00    0,000000           0         1           prlimit64
  0,00    0,000000           0         1           getrandom
------ ----------- ----------- --------- --------- ----------------
100,00    0,000555           5       108        17 total
