% time     seconds  usecs/call     calls    errors syscall
------ ----------- ----------- --------- --------- ----------------
 28,69    0,000266         266         1           execve
 28,05    0,000260           9        27           mmap
  8,95    0,000083           6        13           openat
  7,01    0,000065           9         7           mprotect
  6,26    0,000058           3        15           read
  5,07    0,000047           3        15           close
  3,56    0,000033           2        12           fstat
  2,05    0,000019           6         3           brk
  1,83    0,000017           8         2         2 statfs
  1,73    0,000016          16         1           munmap
  1,40    0,000013           6         2         2 access
  0,97    0,000009           4         2           pread64
  0,65    0,000006           0        10         9 readlink
  0,54    0,000005           2         2           dup
  0,54    0,000005           5         1           prlimit64
  0,54    0,000005           5         1           getrandom
  0,43    0,000004           4         1           write
  0,43    0,000004           4         1           arch_prctl
  0,43    0,000004           4         1           rseq
  0,32    0,000003           3         1           set_tid_address
  0,32    0,000003           3         1           set_robust_list
  0,22    0,000002           2         1           fcntl
  0,00    0,000000           0         1         1 ioctl
  0,00    0,000000           0         1           uname
  0,00    0,000000           0         3           getuid
  0,00    0,000000           0         2           getgid
  0,00    0,000000           0         3           geteuid
  0,00    0,000000           0         2           getegid
  0,00    0,000000           0         2           prctl
  0,00    0,000000           0         4           newfstatat
------ ----------- ----------- --------- --------- ----------------
100,00    0,000927           6       138        14 total
