% time     seconds  usecs/call     calls    errors syscall
------ ----------- ----------- --------- --------- ----------------
 32,51    0,000119           4        27           mmap
 18,58    0,000068           9         7           mprotect
 13,39    0,000049           2        21        12 openat
  5,74    0,000021           1        11           close
  5,46    0,000020           2         9           read
  4,37    0,000016          16         1           munmap
  3,83    0,000014           1        10           fstat
  3,55    0,000013           6         2         2 statfs
  3,01    0,000011           3         3           brk
  1,09    0,000004           2         2           dup
  1,09    0,000004           4         1           arch_prctl
  1,09    0,000004           4         1           prlimit64
  1,09    0,000004           4         1           getrandom
  1,09    0,000004           4         1           rseq
  0,82    0,000003           1         2         2 access
  0,82    0,000003           3         1           set_tid_address
  0,82    0,000003           3         1           set_robust_list
  0,55    0,000002           2         1           write
  0,55    0,000002           2         1           getuid
  0,27    0,000001           1         1         1 ioctl
  0,27    0,000001           1         1           geteuid
  0,00    0,000000           0         2           pread64
  0,00    0,000000           0         1           execve
------ ----------- ----------- --------- --------- ----------------
100,00    0,000366           3       108        17 total
