% time     seconds  usecs/call     calls    errors syscall
------ ----------- ----------- --------- --------- ----------------
 21,24    0,000165           6        27           mmap
 13,77    0,000107           7        14           read
 13,77    0,000107           8        13           openat
  9,01    0,000070          10         7           mprotect
  7,72    0,000060           4        15           close
  5,79    0,000045           5         8         7 readlink
  4,76    0,000037           3        12           fstat
  3,47    0,000027           6         4           newfstatat
  2,45    0,000019          19         1           munmap
  2,32    0,000018           9         2         2 statfs
  1,67    0,000013           4         3           brk
  1,54    0,000012           4         3           getuid
  1,42    0,000011           3         3           geteuid
  1,16    0,000009           9         1         1 ioctl
  1,16    0,000009           4         2           dup
  1,03    0,000008           4         2           getegid
  1,03    0,000008           4         2           prctl
  0,90    0,000007           3         2           getgid
  0,77    0,000006           3         2         2 access
  0,64    0,000005           5         1           write
  0,64    0,000005           5         1           fcntl
  0,64    0,000005           5         1           prlimit64
  0,64    0,000005           5         1           getrandom
  0,51    0,000004           4         1           uname
  0,51    0,000004           4         1           arch_prctl
  0,51    0,000004           4         1           set_tid_address
  0,51    0,000004           4         1           set_robust_list
  0,39    0,000003           3         1           rseq
  0,00    0,000000           0         2           pread64
  0,00    0,000000           0         1           execve
------ ----------- ----------- --------- --------- ----------------
100,00    0,000777           5       135        12 total
