% time     seconds  usecs/call     calls    errors syscall
------ ----------- ----------- --------- --------- ----------------
 45,01    0,001484          11       133           read
  9,74    0,000321           5        54        16 openat
  9,28    0,000306           9        31           mmap
  8,43    0,000278         278         1           execve
  7,76    0,000256           2       112           lseek
  3,64    0,000120           3        40           close
  2,34    0,000077          15         5           munmap
  2,31    0,000076           3        23           fstat
  1,94    0,000064           2        27        12 ioctl
  1,88    0,000062           8         7           mprotect
  1,70    0,000056           4        14         9 readlink
  1,00    0,000033           4         7           brk
  0,70    0,000023           3         6           newfstatat
  0,49    0,000016           8         2         2 statfs
  0,49    0,000016           3         5         3 faccessat2
  0,36    0,000012           4         3           getuid
  0,36    0,000012           2         5           fadvise64
  0,33    0,000011           5         2         2 access
  0,30    0,000010           2         5           fcntl
  0,30    0,000010           3         3           geteuid
  0,24    0,000008           4         2           pread64
  0,24    0,000008           4         2           getgid
  0,24    0,000008           4         2           prctl
  0,18    0,000006           3         2           getegid
  0,15    0,000005           5         1           getrandom
  0,12    0,000004           4         1           arch_prctl
  0,12    0,000004           4         1           prlimit64
  0,09    0,000003           3         1           set_tid_address
  0,09    0,000003           3         1           set_robust_list
  0,09    0,000003           3         1           rseq
  0,06    0,000002           2         1           uname
  0,00    0,000000           0         1           write
  0,00    0,000000           0         2           dup
------ ----------- ----------- --------- --------- ----------------
100,00    0,003297           6       503        44 total
