% time     seconds  usecs/call     calls    errors syscall
------ ----------- ----------- --------- --------- ----------------
 35,72    0,000294          10        27           mmap
 18,35    0,000151           7        21        12 openat
  9,23    0,000076          10         7           mprotect
  7,65    0,000063           7         9           read
  6,56    0,000054           4        11           close
  6,08    0,000050           5        10           fstat
  2,43    0,000020           6         3           brk
  2,31    0,000019           9         2         2 statfs
  2,19    0,000018          18         1           munmap
  1,82    0,000015           7         2         2 access
  1,22    0,000010           5         2           pread64
  1,09    0,000009           4         2           dup
  0,73    0,000006           6         1           getrandom
  0,61    0,000005           5         1           write
  0,61    0,000005           5         1           prlimit64
  0,49    0,000004           4         1         1 ioctl
  0,49    0,000004           4         1           getuid
  0,49    0,000004           4         1           geteuid
  0,49    0,000004           4         1           arch_prctl
  0,49    0,000004           4         1           set_tid_address
  0,49    0,000004           4         1           set_robust_list
  0,49    0,000004           4         1           rseq
  0,00    0,000000           0         1           execve
------ ----------- ----------- --------- --------- ----------------
100,00    0,000823           7       108        17 total
