% time     seconds  usecs/call     calls    errors syscall
------ ----------- ----------- --------- --------- ----------------
 23,42    0,000270         270         1           execve
 21,08    0,000243           9        27           mmap
 11,10    0,000128           9        13           openat
 10,23    0,000118           7        15           read
  6,07    0,000070           4        15           close
  4,86    0,000056           8         7           mprotect
  4,16    0,000048           4        10         9 readlink
  4,08    0,000047           3        12           fstat
  2,17    0,000025           6         4           newfstatat
  1,39    0,000016          16         1           munmap
  1,39    0,000016           5         3           brk
  1,30    0,000015           7         2         2 statfs
  0,95    0,000011           5         2         2 access
  0,95    0,000011           3         3           geteuid
  0,87    0,000010           3         3           getuid
  0,61    0,000007           3         2           pread64
  0,61    0,000007           3         2           dup
  0,61    0,000007           3         2           prctl
  0,52    0,000006           3         2           getgid
  0,52    0,000006           3         2           getegid
  0,35    0,000004           4         1           write
  0,35    0,000004           4         1         1 ioctl
  0,35    0,000004           4         1           uname
  0,35    0,000004           4         1           arch_prctl
  0,35    0,000004           4         1           prlimit64
  0,35    0,000004           4         1           getrandom
  0,26    0,000003           3         1           fcntl
  0,26    0,000003           3         1           set_tid_address
  0,26    0,000003           3         1           set_robust_list
  0,26    0,000003           3         1           rseq
------ ----------- ----------- --------- --------- ----------------
100,00    0,001153           8       138        14 total
