% time     seconds  usecs/call     calls    errors syscall
------ ----------- ----------- --------- --------- ----------------
 29,93    0,000276         276         1           execve
 28,85    0,000266           9        27           mmap
  9,22    0,000085           6        13           openat
  6,18    0,000057           3        15           close
  5,86    0,000054           3        15           read
  4,01    0,000037           3        12           fstat
  3,25    0,000030           4         7           mprotect
  3,15    0,000029           2        10         9 readlink
  2,49    0,000023           5         4           newfstatat
  0,98    0,000009           4         2           pread64
  0,76    0,000007           3         2         2 access
  0,54    0,000005           2         2           dup
  0,43    0,000004           1         3           brk
  0,43    0,000004           4         1           arch_prctl
  0,43    0,000004           4         1           set_tid_address
  0,43    0,000004           4         1           rseq
  0,33    0,000003           3         1           write
  0,33    0,000003           3         1         1 ioctl
  0,33    0,000003           3         1           uname
  0,33    0,000003           3         1           fcntl
  0,33    0,000003           1         2           getgid
  0,33    0,000003           1         3           geteuid
  0,33    0,000003           1         2           prctl
  0,33    0,000003           3         1           set_robust_list
  0,22    0,000002           0         3           getuid
  0,22    0,000002           1         2           getegid
  0,00    0,000000           0         1           munmap
  0,00    0,000000           0         2         2 statfs
  0,00    0,000000           0         1           prlimit64
  0,00    0,000000           0         1           getrandom
------ ----------- ----------- --------- --------- ----------------
100,00    0,000922           6       138        14 total
