% time     seconds  usecs/call     calls    errors syscall
------ ----------- ----------- --------- --------- ----------------
 26,37    0,000264           9        27           mmap
 13,69    0,000137          10        13           openat
 13,59    0,000136           9        15           read
  8,69    0,000087          12         7           mprotect
  7,09    0,000071           4        15           close
  5,69    0,000057           5        10         9 readlink
  4,80    0,000048           4        12           fstat
  3,40    0,000034           8         4           newfstatat
  2,10    0,000021          21         1           munmap
  1,80    0,000018           9         2         2 statfs
  1,30    0,000013           4         3           brk
  1,30    0,000013           4         3           getuid
  1,10    0,000011           3         3           geteuid
  0,80    0,000008           4         2           pread64
  0,80    0,000008           4         2           dup
  0,80    0,000008           4         2           prctl
  0,70    0,000007           3         2         2 access
  0,70    0,000007           3         2           getegid
  0,60    0,000006           6         1         1 ioctl
  0,60    0,000006           3         2           getgid
  0,60    0,000006           6         1           set_tid_address
  0,50    0,000005           5         1           write
  0,50    0,000005           5         1           uname
  0,50    0,000005           5         1           fcntl
  0,50    0,000005           5         1           getrandom
  0,40    0,000004           4         1           arch_prctl
  0,40    0,000004           4         1           set_robust_list
  0,40    0,000004           4         1           prlimit64
  0,30    0,000003           3         1           rseq
  0,00    0,000000           0         1           execve
------ ----------- ----------- --------- --------- ----------------
100,00    0,001001           7       138        14 total
