% time     seconds  usecs/call     calls    errors syscall
------ ----------- ----------- --------- --------- ----------------
 45,67    0,001692          12       133           read
 10,47    0,000388           7        54        16 openat
  8,77    0,000325           2       112           lseek
  7,45    0,000276           8        31           mmap
  6,94    0,000257         257         1           execve
  3,43    0,000127           3        40           close
  3,35    0,000124          24         5           munmap
  2,38    0,000088           3        27        12 ioctl
  2,11    0,000078           3        23           fstat
  1,92    0,000071           5        14         9 readlink
  1,70    0,000063           9         7           mprotect
  0,92    0,000034           5         6           newfstatat
  0,89    0,000033           4         7           brk
  0,65    0,000024           4         5         3 faccessat2
  0,43    0,000016           3         5           fadvise64
  0,40    0,000015           7         2         2 statfs
  0,30    0,000011           5         2         2 access
  0,30    0,000011           3         3           getuid
  0,30    0,000011           3         3           geteuid
  0,24    0,000009           1         5           fcntl
  0,22    0,000008           4         2           pread64
  0,22    0,000008           4         2           getgid
  0,16    0,000006           3         2           getegid
  0,16    0,000006           3         2           prctl
  0,11    0,000004           4         1           arch_prctl
  0,11    0,000004           4         1           prlimit64
  0,11    0,000004           4         1           getrandom
  0,08    0,000003           3         1           uname
  0,08    0,000003           3         1           set_tid_address
  0,08    0,000003           3         1           set_robust_list
  0,08    0,000003           3         1           rseq
  0,00    0,000000           0         1           write
  0,00    0,000000           0         2           dup
------ ----------- ----------- --------- --------- ----------------
100,00    0,003705           7       503        44 total
