% time     seconds  usecs/call     calls    errors syscall
------ ----------- ----------- --------- --------- ----------------
 43,52    0,000292          10        27           mmap
 12,37    0,000083           6        13           openat
 10,13    0,000068           4        15           read
  6,41    0,000043           2        15           close
  5,66    0,000038           5         7           mprotect
  5,37    0,000036           3        12           fstat
  4,62    0,000031           3        10         9 readlink
  1,79    0,000012           3         4           newfstatat
  1,34    0,000009           4         2           pread64
  1,04    0,000007           3         2         2 access
  0,89    0,000006           3         2           prctl
  0,75    0,000005           1         3           getuid
  0,75    0,000005           1         3           geteuid
  0,60    0,000004           2         2           dup
  0,60    0,000004           2         2           getgid
  0,60    0,000004           2         2           getegid
  0,60    0,000004           4         1           arch_prctl
  0,60    0,000004           4         1           set_tid_address
  0,60    0,000004           4         1           set_robust_list
  0,60    0,000004           4         1           rseq
  0,30    0,000002           2         1           write
  0,30    0,000002           2         1         1 ioctl
  0,30    0,000002           2         1           uname
  0,30    0,000002           2         1           fcntl
  0,00    0,000000           0         1           munmap
  0,00    0,000000           0         3           brk
  0,00    0,000000           0         1           execve
  0,00    0,000000           0         2         2 statfs
  0,00    0,000000           0         1           prlimit64
  0,00    0,000000           0         1           getrandom
------ ----------- ----------- --------- --------- ----------------
100,00    0,000671           4       138        14 total
