% time     seconds  usecs/call     calls    errors syscall
------ ----------- ----------- --------- --------- ----------------
 43,36    0,000297         297         1           execve
 31,24    0,000214           7        27           mmap
  5,69    0,000039           5         7           mprotect
  5,69    0,000039           3        13           openat
  3,21    0,000022           1        14           read
  3,07    0,000021           1        15           close
  2,92    0,000020           1        12           fstat
  1,17    0,000008           4         2         2 access
  1,02    0,000007           3         2           pread64
  0,88    0,000006           2         3           brk
  0,44    0,000003           3         1           arch_prctl
  0,44    0,000003           3         1           set_tid_address
  0,44    0,000003           3         1           set_robust_list
  0,44    0,000003           3         1           rseq
  0,00    0,000000           0         1           write
  0,00    0,000000           0         1           munmap
  0,00    0,000000           0         1         1 ioctl
  0,00    0,000000           0         2           dup
  0,00    0,000000           0         1           uname
  0,00    0,000000           0         1           fcntl
  0,00    0,000000           0         8         7 readlink
  0,00    0,000000           0         3           getuid
  0,00    0,000000           0         2           getgid
  0,00    0,000000           0         3           geteuid
  0,00    0,000000           0         2           getegid
  0,00    0,000000           0         2         2 statfs
  0,00    0,000000           0         2           prctl
  0,00    0,000000           0         4           newfstatat
  0,00    0,000000           0         1           prlimit64
  0,00    0,000000           0         1           getrandom
------ ----------- ----------- --------- --------- ----------------
100,00    0,000685           5       135        12 total
