% time     seconds  usecs/call     calls    errors syscall
------ ----------- ----------- --------- --------- ----------------
 20,75    0,000177           6        27           mmap
 20,16    0,000172         172         1           execve
 13,13    0,000112           5        19           openat
 12,43    0,000106           5        21           read
  5,63    0,000048           2        21           close
  4,69    0,000040           5         7           mprotect
  4,22    0,000036           2        14           fstat
  4,22    0,000036           2        14        13 readlink
  4,10    0,000035           3        10           newfstatat
  1,29    0,000011          11         1           munmap
  1,29    0,000011           5         2         2 statfs
  1,06    0,000009           3         3           brk
  0,70    0,000006           3         2         2 access
  0,70    0,000006           2         3           fcntl
  0,70    0,000006           2         3           getuid
  0,70    0,000006           2         3           geteuid
  0,47    0,000004           2         2           pread64
  0,47    0,000004           2         2           getegid
  0,47    0,000004           2         2           prctl
  0,35    0,000003           1         2           dup
  0,35    0,000003           1         2           getgid
  0,23    0,000002           2         1           write
  0,23    0,000002           2         1         1 ioctl
  0,23    0,000002           2         1           uname
  0,23    0,000002           2         1           arch_prctl
  0,23    0,000002           2         1           set_tid_address
  0,23    0,000002           2         1           set_robust_list
  0,23    0,000002           2         1           prlimit64
  0,23    0,000002           2         1           getrandom
  0,23    0,000002           2         1           rseq
------ ----------- ----------- --------- --------- ----------------
100,00    0,000853           5       170        18 total
