% time     seconds  usecs/call     calls    errors syscall
------ ----------- ----------- --------- --------- ----------------
 16,71    0,000120           8        15           read
 13,93    0,000100           7        13           openat
 12,81    0,000092           3        27           mmap
 10,03    0,000072          10         7           mprotect
  7,94    0,000057           3        15           close
  7,66    0,000055           5        10         9 readlink
  4,46    0,000032           2        12           fstat
  4,18    0,000030           7         4           newfstatat
  2,65    0,000019           9         2         2 statfs
  2,51    0,000018          18         1           munmap
  1,95    0,000014           4         3           brk
  1,81    0,000013           4         3           getuid
  1,67    0,000012           4         3           geteuid
  1,25    0,000009           4         2           prctl
  1,11    0,000008           4         2           dup
  1,11    0,000008           4         2           getgid
  1,11    0,000008           4         2           getegid
  0,84    0,000006           3         2         2 access
  0,70    0,000005           5         1           write
  0,70    0,000005           5         1         1 ioctl
  0,70    0,000005           5         1           uname
  0,70    0,000005           5         1           prlimit64
  0,70    0,000005           5         1           getrandom
  0,56    0,000004           4         1           fcntl
  0,56    0,000004           4         1           arch_prctl
  0,56    0,000004           4         1           set_tid_address
  0,56    0,000004           4         1           set_robust_list
  0,56    0,000004           4         1           rseq
  0,00    0,000000           0         2           pread64
  0,00    0,000000           0         1           execve
------ ----------- ----------- --------- --------- ----------------
100,00    0,000718           5       138        14 total
