% time     seconds  usecs/call     calls    errors syscall
------ ----------- ----------- --------- --------- ----------------
 46,39    0,000315          11        27           mmap
 19,44    0,000132           6        21        12 openat
  8,39    0,000057           5        10           fstat
  7,22    0,000049           5         9           read
  6,77    0,000046           4        11           close
  4,71    0,000032           4         7           mprotect
  1,33    0,000009           4         2           pread64
  1,18    0,000008           4         2           dup
  0,74    0,000005           5         1         1 ioctl
  0,59    0,000004           4         1           write
  0,59    0,000004           4         1           arch_prctl
  0,59    0,000004           4         1           set_robust_list
  0,59    0,000004           4         1           rseq
  0,44    0,000003           1         2         2 access
  0,44    0,000003           3         1           set_tid_address
  0,29    0,000002           2         1           getuid
  0,29    0,000002           2         1           geteuid
  0,00    0,000000           0         1           munmap
  0,00    0,000000           0         3           brk
  0,00    0,000000           0         1           execve
  0,00    0,000000           0         2         2 statfs
  0,00    0,000000           0         1           prlimit64
  0,00    0,000000           0         1           getrandom
------ ----------- ----------- --------- --------- ----------------
100,00    0,000679           6       108        17 total
