% time     seconds  usecs/call     calls    errors syscall
------ ----------- ----------- --------- --------- ----------------
 24,03    0,000315         315         1           execve
 22,58    0,000296          10        27           mmap
 10,37    0,000136          10        13           openat
  9,00    0,000118           8        14           read
  5,64    0,000074           4        15           close
  4,88    0,000064           9         7           mprotect
  4,20    0,000055           4        12           fstat
  3,28    0,000043           5         8         7 readlink
  2,06    0,000027           6         4           newfstatat
  1,37    0,000018           6         3           brk
  1,37    0,000018           9         2         2 access
  1,30    0,000017           8         2         2 statfs
  1,14    0,000015          15         1           munmap
  1,07    0,000014          14         1           arch_prctl
  0,99    0,000013           4         3           getuid
  0,76    0,000010           5         2           pread64
  0,76    0,000010           3         3           geteuid
  0,69    0,000009           4         2           prctl
  0,61    0,000008           4         2           getgid
  0,53    0,000007           3         2           dup
  0,46    0,000006           3         2           getegid
  0,38    0,000005           5         1         1 ioctl
  0,38    0,000005           5         1           getrandom
  0,31    0,000004           4         1           write
  0,31    0,000004           4         1           uname
  0,31    0,000004           4         1           fcntl
  0,31    0,000004           4         1           set_tid_address
  0,31    0,000004           4         1           set_robust_list
  0,31    0,000004           4         1           prlimit64
  0,31    0,000004           4         1           rseq
------ ----------- ----------- --------- --------- ----------------
100,00    0,001311           9       135        12 total
