% time     seconds  usecs/call     calls    errors syscall
------ ----------- ----------- --------- --------- ----------------
 28,15    0,000259           9        27           mmap
 14,46    0,000133          10        13           openat
 13,48    0,000124           8        15           read
  7,39    0,000068           4        15           close
  6,96    0,000064           9         7           mprotect
  5,33    0,000049           4        10         9 readlink
  5,00    0,000046           3        12           fstat
  2,93    0,000027           6         4           newfstatat
  1,85    0,000017          17         1           munmap
  1,74    0,000016           8         2         2 statfs
  1,20    0,000011           3         3           brk
  1,20    0,000011           3         3           geteuid
  1,09    0,000010           3         3           getuid
  0,98    0,000009           4         2           dup
  0,87    0,000008           4         2           pread64
  0,87    0,000008           4         2           prctl
  0,76    0,000007           3         2           getgid
  0,65    0,000006           3         2         2 access
  0,65    0,000006           3         2           getegid
  0,54    0,000005           5         1           uname
  0,54    0,000005           5         1           prlimit64
  0,43    0,000004           4         1           write
  0,43    0,000004           4         1           fcntl
  0,43    0,000004           4         1           arch_prctl
  0,43    0,000004           4         1           set_tid_address
  0,43    0,000004           4         1           set_robust_list
  0,43    0,000004           4         1           getrandom
  0,43    0,000004           4         1           rseq
  0,33    0,000003           3         1         1 ioctl
  0,00    0,000000           0         1           execve
------ ----------- ----------- --------- --------- ----------------
100,00    0,000920           6       138        14 total
