% time     seconds  usecs/call     calls    errors syscall
------ ----------- ----------- --------- --------- ----------------
 26,95    0,000293          10        27           mmap
 25,30    0,000275         275         1           execve
 14,90    0,000162           7        21        12 openat
  6,26    0,000068           9         7           mprotect
  5,61    0,000061           6         9           read
  4,51    0,000049           4        10           fstat
  4,42    0,000048           4        11           close
  1,84    0,000020          10         2         2 statfs
  1,75    0,000019          19         1           munmap
  1,66    0,000018           6         3           brk
  1,29    0,000014           7         2         2 access
  0,92    0,000010           5         2           pread64
  0,55    0,000006           3         2           dup
  0,55    0,000006           6         1           rseq
  0,46    0,000005           5         1           write
  0,46    0,000005           5         1         1 ioctl
  0,46    0,000005           5         1           getrandom
  0,37    0,000004           4         1           getuid
  0,37    0,000004           4         1           geteuid
  0,37    0,000004           4         1           arch_prctl
  0,37    0,000004           4         1           set_tid_address
  0,37    0,000004           4         1           prlimit64
  0,28    0,000003           3         1           set_robust_list
------ ----------- ----------- --------- --------- ----------------
100,00    0,001087          10       108        17 total
