% time     seconds  usecs/call     calls    errors syscall
------ ----------- ----------- --------- --------- ----------------
 32,95    0,000345         345         1           execve
 16,91    0,000177           6        27           mmap
  8,50    0,000089           6        14           read
  8,02    0,000084           6        13           openat
  7,64    0,000080          11         7           mprotect
  4,87    0,000051           3        15           close
  3,06    0,000032           4         8         7 readlink
  2,87    0,000030           2        12           fstat
  1,91    0,000020           5         4           newfstatat
  1,81    0,000019           6         3           brk
  1,72    0,000018          18         1           munmap
  1,72    0,000018           9         2         2 statfs
  1,05    0,000011           3         3           getuid
  0,86    0,000009           3         3           geteuid
  0,57    0,000006           3         2         2 access
  0,57    0,000006           3         2           getgid
  0,57    0,000006           3         2           getegid
  0,48    0,000005           2         2           dup
  0,48    0,000005           2         2           prctl
  0,48    0,000005           5         1           prlimit64
  0,48    0,000005           5         1           getrandom
  0,38    0,000004           4         1         1 ioctl
  0,38    0,000004           4         1           uname
  0,29    0,000003           3         1           write
  0,29    0,000003           3         1           fcntl
  0,29    0,000003           3         1           arch_prctl
  0,29    0,000003           3         1           set_tid_address
  0,29    0,000003           3         1           set_robust_list
  0,29    0,000003           3         1           rseq
  0,00    0,000000           0         2           pread64
------ ----------- ----------- --------- --------- ----------------
100,00    0,001047           7       135        12 total
