% time     seconds  usecs/call     calls    errors syscall
------ ----------- ----------- --------- --------- ----------------
 22,91    0,000302          11        27           mmap
 22,91    0,000302         302         1           execve
 10,85    0,000143          11        13           openat
 10,02    0,000132           8        15           read
  5,31    0,000070           4        15           close
  5,16    0,000068           9         7           mprotect
  4,10    0,000054           5        10         9 readlink
  3,87    0,000051           4        12           fstat
  2,05    0,000027           6         4           newfstatat
  1,29    0,000017          17         1           munmap
  1,29    0,000017           5         3           brk
  1,29    0,000017           8         2         2 statfs
  0,99    0,000013           6         2         2 access
  0,91    0,000012           6         2           getegid
  0,83    0,000011           3         3           getuid
  0,68    0,000009           4         2           pread64
  0,68    0,000009           3         3           geteuid
  0,61    0,000008           4         2           getgid
  0,61    0,000008           4         2           prctl
  0,53    0,000007           3         2           dup
  0,38    0,000005           5         1           uname
  0,38    0,000005           5         1           getrandom
  0,30    0,000004           4         1           write
  0,30    0,000004           4         1         1 ioctl
  0,30    0,000004           4         1           fcntl
  0,30    0,000004           4         1           arch_prctl
  0,30    0,000004           4         1           set_robust_list
  0,30    0,000004           4         1           prlimit64
  0,30    0,000004           4         1           rseq
  0,23    0,000003           3         1           set_tid_address
------ ----------- ----------- --------- --------- ----------------
100,00    0,001318           9       138        14 total
