% time     seconds  usecs/call     calls    errors syscall
------ ----------- ----------- --------- --------- ----------------
 19,41    0,000126           4        27           mmap
 13,71    0,000089           6        13           openat
 13,56    0,000088           6        14           read
 10,94    0,000071          10         7           mprotect
  8,17    0,000053           3        15           close
  4,93    0,000032           2        12           fstat
  3,39    0,000022           2         8         7 readlink
  3,24    0,000021           5         4           newfstatat
  2,93    0,000019          19         1           munmap
  2,77    0,000018           9         2         2 statfs
  2,16    0,000014           4         3           brk
  1,69    0,000011           3         3           getuid
  1,39    0,000009           3         3           geteuid
  1,23    0,000008           4         2           dup
  0,92    0,000006           3         2         2 access
  0,92    0,000006           3         2           getgid
  0,92    0,000006           3         2           getegid
  0,92    0,000006           3         2           prctl
  0,77    0,000005           5         1           write
  0,77    0,000005           5         1           uname
  0,77    0,000005           5         1           arch_prctl
  0,77    0,000005           5         1           set_robust_list
  0,77    0,000005           5         1           prlimit64
  0,77    0,000005           5         1           getrandom
  0,62    0,000004           4         1           fcntl
  0,62    0,000004           4         1           set_tid_address
  0,62    0,000004           4         1           rseq
  0,31    0,000002           2         1         1 ioctl
  0,00    0,000000           0         2           pread64
  0,00    0,000000           0         1           execve
------ ----------- ----------- --------- --------- ----------------
100,00    0,000649           4       135        12 total
