% time     seconds  usecs/call     calls    errors syscall
------ ----------- ----------- --------- --------- ----------------
 24,61    0,000287          10        27           mmap
 23,67    0,000276         276         1           execve
  9,52    0,000111           8        13           openat
  9,01    0,000105           7        15           read
  5,92    0,000069           4        15           close
  5,92    0,000069           9         7           mprotect
  3,86    0,000045           3        12           fstat
  3,34    0,000039           3        10         9 readlink
  1,80    0,000021           5         4           newfstatat
  1,46    0,000017          17         1           munmap
  1,37    0,000016           5         3           brk
  1,37    0,000016           8         2         2 statfs
  0,94    0,000011           5         2         2 access
  0,77    0,000009           4         2           pread64
  0,77    0,000009           3         3           geteuid
  0,69    0,000008           2         3           getuid
  0,69    0,000008           4         2           prctl
  0,60    0,000007           3         2           dup
  0,51    0,000006           3         2           getgid
  0,51    0,000006           3         2           getegid
  0,34    0,000004           4         1           prlimit64
  0,34    0,000004           4         1           rseq
  0,26    0,000003           3         1           write
  0,26    0,000003           3         1         1 ioctl
  0,26    0,000003           3         1           uname
  0,26    0,000003           3         1           fcntl
  0,26    0,000003           3         1           arch_prctl
  0,26    0,000003           3         1           set_tid_address
  0,26    0,000003           3         1           getrandom
  0,17    0,000002           2         1           set_robust_list
------ ----------- ----------- --------- --------- ----------------
100,00    0,001166           8       138        14 total
