% time     seconds  usecs/call     calls    errors syscall
------ ----------- ----------- --------- --------- ----------------
 44,35    0,000620         620         1           mount
  6,29    0,000088           6        13           read
  5,36    0,000075           2        27           mmap
  5,22    0,000073           6        12           openat
  4,79    0,000067           4        14           close
  4,65    0,000065           9         7           mprotect
  4,51    0,000063           5        11         9 readlink
  4,15    0,000058          11         5         3 statx
  3,51    0,000049           7         7           newfstatat
  1,79    0,000025           2        11           fstat
  1,65    0,000023          11         2         1 ioctl
  1,57    0,000022          11         2           dup
  1,36    0,000019           4         4         3 access
  1,36    0,000019           3         5           getuid
  1,29    0,000018          18         1           munmap
  1,14    0,000016           3         5           geteuid
  1,14    0,000016           8         2         2 statfs
  1,07    0,000015           3         4           getegid
  1,00    0,000014           3         4           getgid
  0,93    0,000013           4         3           brk
  0,86    0,000012           4         3           prctl
  0,36    0,000005           5         1           prlimit64
  0,36    0,000005           5         1           getrandom
  0,29    0,000004           4         1           uname
  0,29    0,000004           4         1           arch_prctl
  0,29    0,000004           4         1           rseq
  0,21    0,000003           3         1           set_tid_address
  0,21    0,000003           3         1           set_robust_list
  0,00    0,000000           0         2           pread64
  0,00    0,000000           0         1           execve
------ ----------- ----------- --------- --------- ----------------
100,00    0,001398           9       153        18 total
