% time     seconds  usecs/call     calls    errors syscall
------ ----------- ----------- --------- --------- ----------------
 46,13    0,001728          12       133           read
 10,62    0,000398           7        54        16 openat
  9,42    0,000353           3       112           lseek
  8,36    0,000313          10        31           mmap
  7,26    0,000272         272         1           execve
  3,76    0,000141           3        40           close
  2,27    0,000085           3        23           fstat
  2,08    0,000078           2        27        12 ioctl
  1,79    0,000067           4        14         9 readlink
  1,71    0,000064           9         7           mprotect
  0,96    0,000036           5         7           brk
  0,75    0,000028           4         6           newfstatat
  0,51    0,000019           3         5         3 faccessat2
  0,48    0,000018           3         5           munmap
  0,45    0,000017           8         2         2 statfs
  0,37    0,000014           2         5           fadvise64
  0,35    0,000013           6         2         2 access
  0,35    0,000013           6         2           getgid
  0,32    0,000012           4         3           geteuid
  0,29    0,000011           3         3           getuid
  0,27    0,000010           5         2           pread64
  0,24    0,000009           1         5           fcntl
  0,21    0,000008           4         2           getegid
  0,19    0,000007           3         2           prctl
  0,13    0,000005           2         2           dup
  0,13    0,000005           5         1           getrandom
  0,11    0,000004           4         1           arch_prctl
  0,11    0,000004           4         1           set_tid_address
  0,11    0,000004           4         1           prlimit64
  0,11    0,000004           4         1           rseq
  0,08    0,000003           3         1           write
  0,08    0,000003           3         1           set_robust_list
  0,00    0,000000           0         1           uname
------ ----------- ----------- --------- --------- ----------------
100,00    0,003746           7       503        44 total
