% time     seconds  usecs/call     calls    errors syscall
------ ----------- ----------- --------- --------- ----------------
 27,06    0,000365          13        27           mmap
 19,20    0,000259         259         1           execve
 10,75    0,000145          11        13           openat
  9,93    0,000134           8        15           read
  5,34    0,000072           4        15           close
  5,34    0,000072          10         7           mprotect
  4,08    0,000055           5        10         9 readlink
  3,93    0,000053           4        12           fstat
  2,08    0,000028           7         4           newfstatat
  1,33    0,000018          18         1           munmap
  1,26    0,000017           5         3           brk
  1,19    0,000016           8         2         2 statfs
  0,96    0,000013           6         2         2 access
  0,89    0,000012           4         3           getuid
  0,74    0,000010           3         3           geteuid
  0,67    0,000009           4         2           prctl
  0,59    0,000008           4         2           pread64
  0,59    0,000008           4         2           dup
  0,59    0,000008           4         2           getgid
  0,52    0,000007           3         2           getegid
  0,37    0,000005           5         1           write
  0,37    0,000005           5         1           getrandom
  0,30    0,000004           4         1         1 ioctl
  0,30    0,000004           4         1           uname
  0,30    0,000004           4         1           fcntl
  0,30    0,000004           4         1           arch_prctl
  0,30    0,000004           4         1           set_tid_address
  0,30    0,000004           4         1           prlimit64
  0,22    0,000003           3         1           set_robust_list
  0,22    0,000003           3         1           rseq
------ ----------- ----------- --------- --------- ----------------
100,00    0,001349           9       138        14 total
