% time     seconds  usecs/call     calls    errors syscall
------ ----------- ----------- --------- --------- ----------------
 36,78    0,000274          10        27           mmap
 17,32    0,000129           9        13           openat
 11,01    0,000082           5        15           read
  8,59    0,000064           4        15           close
  6,58    0,000049           7         7           mprotect
  4,97    0,000037           3        12           fstat
  4,83    0,000036           3        10         9 readlink
  1,88    0,000014           3         4           newfstatat
  1,34    0,000010           5         2           pread64
  1,07    0,000008           4         2           dup
  0,81    0,000006           6         1           fcntl
  0,67    0,000005           5         1           rseq
  0,54    0,000004           4         1           write
  0,54    0,000004           4         1           arch_prctl
  0,54    0,000004           4         1           set_tid_address
  0,54    0,000004           4         1           set_robust_list
  0,40    0,000003           1         2           prctl
  0,27    0,000002           2         1         1 ioctl
  0,27    0,000002           2         1           uname
  0,27    0,000002           0         3           getuid
  0,27    0,000002           1         2           getgid
  0,27    0,000002           0         3           geteuid
  0,27    0,000002           1         2           getegid
  0,00    0,000000           0         1           munmap
  0,00    0,000000           0         3           brk
  0,00    0,000000           0         2         2 access
  0,00    0,000000           0         1           execve
  0,00    0,000000           0         2         2 statfs
  0,00    0,000000           0         1           prlimit64
  0,00    0,000000           0         1           getrandom
------ ----------- ----------- --------- --------- ----------------
100,00    0,000745           5       138        14 total
