% time     seconds  usecs/call     calls    errors syscall
------ ----------- ----------- --------- --------- ----------------
 18,45    0,000093           3        27           mmap
 13,89    0,000070          10         7           mprotect
 13,89    0,000070           5        13           openat
 11,90    0,000060           4        15           read
 11,51    0,000058          58         1           prlimit64
  4,37    0,000022           1        15           close
  3,97    0,000020           1        12           fstat
  3,57    0,000018           9         2         2 statfs
  3,17    0,000016           1        10         9 readlink
  2,58    0,000013           4         3           brk
  2,38    0,000012          12         1           getrandom
  1,79    0,000009           2         4           newfstatat
  1,19    0,000006           2         3           getuid
  1,19    0,000006           2         3           geteuid
  0,79    0,000004           2         2           getgid
  0,79    0,000004           2         2           getegid
  0,79    0,000004           2         2           prctl
  0,79    0,000004           4         1           arch_prctl
  0,79    0,000004           4         1           set_tid_address
  0,79    0,000004           4         1           set_robust_list
  0,79    0,000004           4         1           rseq
  0,60    0,000003           1         2         2 access
  0,00    0,000000           0         1           write
  0,00    0,000000           0         1           munmap
  0,00    0,000000           0         1         1 ioctl
  0,00    0,000000           0         2           pread64
  0,00    0,000000           0         2           dup
  0,00    0,000000           0         1           execve
  0,00    0,000000           0         1           uname
  0,00    0,000000           0         1           fcntl
------ ----------- ----------- --------- --------- ----------------
100,00    0,000504           3       138        14 total
