% time     seconds  usecs/call     calls    errors syscall
------ ----------- ----------- --------- --------- ----------------
 21,21    0,000056           5        10         9 readlink
 18,18    0,000048           3        13           openat
 15,91    0,000042           2        15           read
 13,26    0,000035           2        15           close
 10,98    0,000029           7         4           newfstatat
  4,92    0,000013           1        12           fstat
  2,27    0,000006           3         2           dup
  1,89    0,000005           5         1         1 ioctl
  1,89    0,000005           5         1           uname
  1,52    0,000004           4         1           write
  1,52    0,000004           4         1           fcntl
  1,52    0,000004           1         3           geteuid
  1,52    0,000004           2         2           getegid
  1,14    0,000003           1         3           getuid
  1,14    0,000003           1         2           getgid
  1,14    0,000003           1         2           prctl
  0,00    0,000000           0        27           mmap
  0,00    0,000000           0         7           mprotect
  0,00    0,000000           0         1           munmap
  0,00    0,000000           0         3           brk
  0,00    0,000000           0         2           pread64
  0,00    0,000000           0         2         2 access
  0,00    0,000000           0         1           execve
  0,00    0,000000           0         2         2 statfs
  0,00    0,000000           0         1           arch_prctl
  0,00    0,000000           0         1           set_tid_address
  0,00    0,000000           0         1           set_robust_list
  0,00    0,000000           0         1           prlimit64
  0,00    0,000000           0         1           getrandom
  0,00    0,000000           0         1           rseq
------ ----------- ----------- --------- --------- ----------------
100,00    0,000264           1       138        14 total
