% time     seconds  usecs/call     calls    errors syscall
------ ----------- ----------- --------- --------- ----------------
 16,88    0,000092           6        14           read
 13,03    0,000071          10         7           mprotect
 12,29    0,000067           5        12           openat
  8,99    0,000049           5         9         7 readlink
  7,34    0,000040           2        14           close
  4,77    0,000026           6         4           newfstatat
  4,04    0,000022           2        11           fstat
  3,30    0,000018           9         2         2 statfs
  3,12    0,000017          17         1           munmap
  2,94    0,000016           4         4           getuid
  2,75    0,000015           7         2           statx
  2,57    0,000014           3         4           geteuid
  2,02    0,000011           3         3           prctl
  1,83    0,000010           3         3           brk
  1,83    0,000010           3         3           getgid
  1,83    0,000010           3         3           getegid
  1,65    0,000009           0        27           mmap
  1,47    0,000008           4         2           dup
  1,28    0,000007           7         1           ioctl
  0,92    0,000005           2         2         2 access
  0,92    0,000005           5         1           getrandom
  0,73    0,000004           4         1           uname
  0,73    0,000004           4         1           arch_prctl
  0,73    0,000004           4         1           set_tid_address
  0,73    0,000004           4         1           prlimit64
  0,73    0,000004           4         1           rseq
  0,55    0,000003           3         1           set_robust_list
  0,00    0,000000           0         2           pread64
  0,00    0,000000           0         1           execve
------ ----------- ----------- --------- --------- ----------------
100,00    0,000545           3       138        11 total
