% time     seconds  usecs/call     calls    errors syscall
------ ----------- ----------- --------- --------- ----------------
 61,66    0,000648         648         1           execve
 16,56    0,000174           6        27           mmap
  4,47    0,000047           3        13           openat
  3,24    0,000034           2        15           close
  2,76    0,000029           1        15           read
  2,19    0,000023           1        12           fstat
  1,71    0,000018           2         7           mprotect
  1,43    0,000015           1        10         9 readlink
  1,33    0,000014           3         4           newfstatat
  0,57    0,000006           3         2           pread64
  0,38    0,000004           2         2         2 access
  0,38    0,000004           2         2           dup
  0,29    0,000003           3         1           write
  0,29    0,000003           1         3           brk
  0,29    0,000003           3         1         1 ioctl
  0,29    0,000003           3         1           arch_prctl
  0,29    0,000003           3         1           set_tid_address
  0,29    0,000003           3         1           set_robust_list
  0,29    0,000003           3         1           rseq
  0,19    0,000002           2         1           uname
  0,19    0,000002           2         1           fcntl
  0,19    0,000002           0         3           getuid
  0,19    0,000002           1         2           getgid
  0,19    0,000002           0         3           geteuid
  0,19    0,000002           1         2           getegid
  0,19    0,000002           1         2           prctl
  0,00    0,000000           0         1           munmap
  0,00    0,000000           0         2         2 statfs
  0,00    0,000000           0         1           prlimit64
  0,00    0,000000           0         1           getrandom
------ ----------- ----------- --------- --------- ----------------
100,00    0,001051           7       138        14 total
