% time     seconds  usecs/call     calls    errors syscall
------ ----------- ----------- --------- --------- ----------------
 23,22    0,000300         300         1           execve
 21,59    0,000279          10        27           mmap
 10,68    0,000138          10        13           openat
 10,22    0,000132           8        15           read
  5,50    0,000071           4        15           close
  5,42    0,000070          10         7           mprotect
  4,18    0,000054           5        10         9 readlink
  4,10    0,000053           4        12           fstat
  2,17    0,000028           7         4           newfstatat
  1,39    0,000018           9         2         2 statfs
  1,32    0,000017          17         1           munmap
  1,32    0,000017           5         3           brk
  1,01    0,000013           6         2         2 access
  1,01    0,000013           4         3           getuid
  0,70    0,000009           3         3           geteuid
  0,62    0,000008           4         2           pread64
  0,62    0,000008           4         2           dup
  0,62    0,000008           4         2           prctl
  0,46    0,000006           3         2           getgid
  0,46    0,000006           3         2           getegid
  0,39    0,000005           5         1         1 ioctl
  0,39    0,000005           5         1           uname
  0,39    0,000005           5         1           arch_prctl
  0,39    0,000005           5         1           prlimit64
  0,39    0,000005           5         1           getrandom
  0,31    0,000004           4         1           write
  0,31    0,000004           4         1           fcntl
  0,31    0,000004           4         1           set_tid_address
  0,31    0,000004           4         1           rseq
  0,23    0,000003           3         1           set_robust_list
------ ----------- ----------- --------- --------- ----------------
100,00    0,001292           9       138        14 total
