% time     seconds  usecs/call     calls    errors syscall
------ ----------- ----------- --------- --------- ----------------
 28,09    0,000248         248         1           mount
 16,31    0,000144           5        27           mmap
  9,29    0,000082           5        14           read
  7,81    0,000069           4        14           openat
  6,00    0,000053           4        13           newfstatat
  4,87    0,000043           3        11         9 readlink
  4,42    0,000039           5         7           mprotect
  4,30    0,000038           2        16           close
  2,83    0,000025           5         5         3 statx
  2,27    0,000020           1        11           fstat
  1,59    0,000014           3         4         1 ioctl
  1,25    0,000011          11         1           munmap
  1,25    0,000011           5         2         2 statfs
  1,02    0,000009           2         4         3 access
  1,02    0,000009           1         5           getuid
  1,02    0,000009           1         5           geteuid
  0,91    0,000008           2         4           getegid
  0,79    0,000007           2         3           brk
  0,79    0,000007           1         4           getgid
  0,68    0,000006           3         2           dup
  0,68    0,000006           2         3           prctl
  0,68    0,000006           6         1           prlimit64
  0,57    0,000005           2         2           pread64
  0,34    0,000003           3         1           uname
  0,34    0,000003           3         1           getrandom
  0,23    0,000002           2         1           arch_prctl
  0,23    0,000002           2         1           set_tid_address
  0,23    0,000002           2         1           set_robust_list
  0,23    0,000002           2         1           rseq
  0,00    0,000000           0         1           execve
------ ----------- ----------- --------- --------- ----------------
100,00    0,000883           5       166        18 total
