% time     seconds  usecs/call     calls    errors syscall
------ ----------- ----------- --------- --------- ----------------
 20,00    0,000056           5        10         9 readlink
 17,14    0,000048           3        13           openat
 15,71    0,000044           2        15           read
 14,29    0,000040           2        15           close
 10,36    0,000029           7         4           newfstatat
  5,71    0,000016           1        12           fstat
  2,86    0,000008           4         2           dup
  1,79    0,000005           5         1           write
  1,79    0,000005           5         1         1 ioctl
  1,79    0,000005           2         2           prctl
  1,43    0,000004           4         1           uname
  1,43    0,000004           4         1           fcntl
  1,43    0,000004           1         3           getuid
  1,43    0,000004           2         2           getgid
  1,43    0,000004           1         3           geteuid
  1,43    0,000004           2         2           getegid
  0,00    0,000000           0        27           mmap
  0,00    0,000000           0         7           mprotect
  0,00    0,000000           0         1           munmap
  0,00    0,000000           0         3           brk
  0,00    0,000000           0         2           pread64
  0,00    0,000000           0         2         2 access
  0,00    0,000000           0         1           execve
  0,00    0,000000           0         2         2 statfs
  0,00    0,000000           0         1           arch_prctl
  0,00    0,000000           0         1           set_tid_address
  0,00    0,000000           0         1           set_robust_list
  0,00    0,000000           0         1           prlimit64
  0,00    0,000000           0         1           getrandom
  0,00    0,000000           0         1           rseq
------ ----------- ----------- --------- --------- ----------------
100,00    0,000280           2       138        14 total
