% time     seconds  usecs/call     calls    errors syscall
------ ----------- ----------- --------- --------- ----------------
 25,77    0,000143           5        27           mmap
 12,79    0,000071          10         7           mprotect
 11,89    0,000066           5        13           openat
 11,35    0,000063           4        15           read
  6,85    0,000038           2        15           close
  4,86    0,000027           2        10         9 readlink
  3,96    0,000022           1        12           fstat
  3,24    0,000018          18         1           munmap
  3,24    0,000018           9         2         2 statfs
  2,52    0,000014           4         3           brk
  1,98    0,000011           2         4           newfstatat
  1,08    0,000006           2         3           getuid
  1,08    0,000006           2         3           geteuid
  0,90    0,000005           5         1           arch_prctl
  0,90    0,000005           5         1           prlimit64
  0,90    0,000005           5         1           getrandom
  0,72    0,000004           2         2           getgid
  0,72    0,000004           2         2           prctl
  0,72    0,000004           4         1           set_tid_address
  0,72    0,000004           4         1           set_robust_list
  0,72    0,000004           4         1           rseq
  0,54    0,000003           1         2         2 access
  0,54    0,000003           1         2           dup
  0,54    0,000003           1         2           getegid
  0,36    0,000002           2         1           write
  0,36    0,000002           2         1         1 ioctl
  0,36    0,000002           2         1           uname
  0,36    0,000002           2         1           fcntl
  0,00    0,000000           0         2           pread64
  0,00    0,000000           0         1           execve
------ ----------- ----------- --------- --------- ----------------
100,00    0,000555           4       138        14 total
