% time     seconds  usecs/call     calls    errors syscall
------ ----------- ----------- --------- --------- ----------------
 16,08    0,000106           3        27           mmap
 14,87    0,000098           6        15           read
 12,75    0,000084           6        13           openat
  9,86    0,000065           9         7           mprotect
  7,74    0,000051           3        15           close
  7,74    0,000051           5        10         9 readlink
  4,10    0,000027           6         4           newfstatat
  3,95    0,000026           2        12           fstat
  2,58    0,000017          17         1           munmap
  2,58    0,000017           8         2         2 statfs
  1,97    0,000013           4         3           brk
  1,67    0,000011           3         3           getuid
  1,67    0,000011           3         3           geteuid
  1,37    0,000009           4         2           prctl
  1,21    0,000008           4         2           dup
  1,21    0,000008           4         2           getegid
  0,91    0,000006           3         2         2 access
  0,91    0,000006           3         2           getgid
  0,91    0,000006           6         1           prlimit64
  0,91    0,000006           6         1           getrandom
  0,76    0,000005           5         1           uname
  0,61    0,000004           4         1           write
  0,61    0,000004           4         1         1 ioctl
  0,61    0,000004           4         1           fcntl
  0,61    0,000004           4         1           arch_prctl
  0,61    0,000004           4         1           set_tid_address
  0,61    0,000004           4         1           set_robust_list
  0,61    0,000004           4         1           rseq
  0,00    0,000000           0         2           pread64
  0,00    0,000000           0         1           execve
------ ----------- ----------- --------- --------- ----------------
100,00    0,000659           4       138        14 total
