% time     seconds  usecs/call     calls    errors syscall
------ ----------- ----------- --------- --------- ----------------
 31,90    0,000290         290         1           execve
 30,80    0,000280          10        27           mmap
  7,48    0,000068           9         7           mprotect
  6,71    0,000061           2        21        12 openat
  5,06    0,000046           5         9           read
  3,63    0,000033           3        11           close
  3,41    0,000031           3        10           fstat
  1,98    0,000018          18         1           munmap
  1,98    0,000018           6         3           brk
  1,98    0,000018           9         2         2 statfs
  1,32    0,000012           6         2         2 access
  0,99    0,000009           4         2           pread64
  0,55    0,000005           5         1           arch_prctl
  0,55    0,000005           5         1           getrandom
  0,44    0,000004           4         1           set_tid_address
  0,44    0,000004           4         1           prlimit64
  0,44    0,000004           4         1           rseq
  0,33    0,000003           3         1           set_robust_list
  0,00    0,000000           0         1           write
  0,00    0,000000           0         1         1 ioctl
  0,00    0,000000           0         2           dup
  0,00    0,000000           0         1           getuid
  0,00    0,000000           0         1           geteuid
------ ----------- ----------- --------- --------- ----------------
100,00    0,000909           8       108        17 total
