% time     seconds  usecs/call     calls    errors syscall
------ ----------- ----------- --------- --------- ----------------
 18,57    0,000109           7        15           read
 15,67    0,000092           7        13           openat
 12,78    0,000075          10         7           mprotect
  9,88    0,000058           5        10         9 readlink
  8,52    0,000050           3        15           close
  5,11    0,000030           2        12           fstat
  4,43    0,000026           6         4           newfstatat
  3,24    0,000019           9         2         2 statfs
  3,07    0,000018          18         1           munmap
  2,21    0,000013           4         3           getuid
  2,04    0,000012           4         3           brk
  1,70    0,000010           0        27           mmap
  1,70    0,000010           3         3           geteuid
  1,53    0,000009           4         2           prctl
  1,36    0,000008           4         2           dup
  1,36    0,000008           4         2           getegid
  1,19    0,000007           3         2           getgid
  1,02    0,000006           3         2         2 access
  0,85    0,000005           5         1           write
  0,85    0,000005           5         1           uname
  0,85    0,000005           5         1           getrandom
  0,68    0,000004           4         1         1 ioctl
  0,68    0,000004           4         1           fcntl
  0,68    0,000004           4         1           prlimit64
  0,00    0,000000           0         2           pread64
  0,00    0,000000           0         1           execve
  0,00    0,000000           0         1           arch_prctl
  0,00    0,000000           0         1           set_tid_address
  0,00    0,000000           0         1           set_robust_list
  0,00    0,000000           0         1           rseq
------ ----------- ----------- --------- --------- ----------------
100,00    0,000587           4       138        14 total
