% time     seconds  usecs/call     calls    errors syscall
------ ----------- ----------- --------- --------- ----------------
 24,86    0,000088           4        21        12 openat
 15,54    0,000055           7         7           mprotect
 14,41    0,000051           1        27           mmap
  8,47    0,000030           3         9           read
  6,21    0,000022           2        11           close
  5,37    0,000019           1        10           fstat
  4,52    0,000016          16         1           munmap
  4,52    0,000016           8         2         2 statfs
  2,82    0,000010           3         3           brk
  1,98    0,000007           3         2           dup
  1,13    0,000004           4         1           write
  1,13    0,000004           4         1         1 ioctl
  1,13    0,000004           2         2         2 access
  1,13    0,000004           4         1           getuid
  1,13    0,000004           4         1           geteuid
  1,13    0,000004           4         1           prlimit64
  1,13    0,000004           4         1           getrandom
  0,85    0,000003           3         1           arch_prctl
  0,85    0,000003           3         1           set_tid_address
  0,85    0,000003           3         1           set_robust_list
  0,85    0,000003           3         1           rseq
  0,00    0,000000           0         2           pread64
  0,00    0,000000           0         1           execve
------ ----------- ----------- --------- --------- ----------------
100,00    0,000354           3       108        17 total
