% time     seconds  usecs/call     calls    errors syscall
------ ----------- ----------- --------- --------- ----------------
 29,91    0,000396          14        27           mmap
 22,28    0,000295         295         1           execve
  9,37    0,000124           8        15           read
  8,76    0,000116          16         7           mprotect
  8,31    0,000110           8        13           openat
  4,31    0,000057           3        15           close
  3,55    0,000047           3        12           fstat
  1,66    0,000022           2        10         9 readlink
  1,44    0,000019          19         1           munmap
  1,28    0,000017           5         3           brk
  1,28    0,000017           8         2         2 statfs
  0,98    0,000013          13         1           rseq
  0,83    0,000011           5         2         2 access
  0,83    0,000011           3         3           getuid
  0,76    0,000010           5         2           pread64
  0,68    0,000009           3         3           geteuid
  0,60    0,000008           4         2           prctl
  0,45    0,000006           3         2           getgid
  0,45    0,000006           3         2           getegid
  0,45    0,000006           1         4           newfstatat
  0,38    0,000005           5         1           arch_prctl
  0,30    0,000004           4         1         1 ioctl
  0,30    0,000004           4         1           set_robust_list
  0,30    0,000004           4         1           prlimit64
  0,30    0,000004           4         1           getrandom
  0,23    0,000003           3         1           set_tid_address
  0,00    0,000000           0         1           write
  0,00    0,000000           0         2           dup
  0,00    0,000000           0         1           uname
  0,00    0,000000           0         1           fcntl
------ ----------- ----------- --------- --------- ----------------
100,00    0,001324           9       138        14 total
