% time     seconds  usecs/call     calls    errors syscall
------ ----------- ----------- --------- --------- ----------------
 37,31    0,001270           9       133           read
 11,81    0,000402          12        31           mmap
 11,22    0,000382           7        54        16 openat
  8,08    0,000275         275         1           execve
  7,31    0,000249           2       112           lseek
  4,64    0,000158          31         5           munmap
  4,61    0,000157           3        40           close
  2,50    0,000085           3        27        12 ioctl
  2,38    0,000081           3        23           fstat
  1,91    0,000065           9         7           mprotect
  1,65    0,000056           4        14         9 readlink
  1,15    0,000039           6         6           newfstatat
  0,73    0,000025           3         7           brk
  0,59    0,000020           4         5         3 faccessat2
  0,50    0,000017           3         5           fadvise64
  0,47    0,000016           3         5           fcntl
  0,47    0,000016           8         2         2 statfs
  0,35    0,000012           6         2         2 access
  0,26    0,000009           4         2           pread64
  0,24    0,000008           2         3           getuid
  0,24    0,000008           4         2           prctl
  0,21    0,000007           3         2           dup
  0,21    0,000007           2         3           geteuid
  0,18    0,000006           3         2           getegid
  0,15    0,000005           2         2           getgid
  0,15    0,000005           5         1           arch_prctl
  0,15    0,000005           5         1           prlimit64
  0,12    0,000004           4         1           uname
  0,12    0,000004           4         1           getrandom
  0,09    0,000003           3         1           write
  0,09    0,000003           3         1           set_robust_list
  0,09    0,000003           3         1           rseq
  0,06    0,000002           2         1           set_tid_address
------ ----------- ----------- --------- --------- ----------------
100,00    0,003404           6       503        44 total
