% time     seconds  usecs/call     calls    errors syscall
------ ----------- ----------- --------- --------- ----------------
 27,10    0,000264         264         1           execve
 25,87    0,000252           9        27           mmap
 14,58    0,000142           6        21        12 openat
  6,67    0,000065           9         7           mprotect
  5,54    0,000054           6         9           read
  4,41    0,000043           3        11           close
  4,31    0,000042           4        10           fstat
  1,75    0,000017           5         3           brk
  1,75    0,000017           8         2         2 statfs
  1,64    0,000016          16         1           munmap
  1,13    0,000011           5         2         2 access
  0,82    0,000008           4         2           pread64
  0,82    0,000008           4         2           dup
  0,51    0,000005           5         1           write
  0,51    0,000005           5         1         1 ioctl
  0,51    0,000005           5         1           getuid
  0,41    0,000004           4         1           arch_prctl
  0,41    0,000004           4         1           getrandom
  0,31    0,000003           3         1           geteuid
  0,31    0,000003           3         1           set_robust_list
  0,31    0,000003           3         1           prlimit64
  0,31    0,000003           3         1           rseq
  0,00    0,000000           0         1           set_tid_address
------ ----------- ----------- --------- --------- ----------------
100,00    0,000974           9       108        17 total
