% time     seconds  usecs/call     calls    errors syscall
------ ----------- ----------- --------- --------- ----------------
 25,34    0,000317         317         1           execve
 20,38    0,000255           9        27           mmap
 10,87    0,000136          10        13           openat
  9,75    0,000122           8        15           read
  5,44    0,000068           4        15           close
  5,44    0,000068           9         7           mprotect
  4,16    0,000052           4        12           fstat
  4,16    0,000052           5        10         9 readlink
  2,16    0,000027           6         4           newfstatat
  1,28    0,000016           8         2         2 statfs
  1,20    0,000015           5         3           brk
  1,12    0,000014          14         1           munmap
  0,96    0,000012           6         2         2 access
  0,96    0,000012           4         3           getuid
  0,72    0,000009           3         3           geteuid
  0,64    0,000008           4         2           pread64
  0,64    0,000008           4         2           prctl
  0,56    0,000007           3         2           dup
  0,56    0,000007           3         2           getgid
  0,56    0,000007           3         2           getegid
  0,40    0,000005           5         1           write
  0,40    0,000005           5         1         1 ioctl
  0,32    0,000004           4         1           uname
  0,32    0,000004           4         1           fcntl
  0,32    0,000004           4         1           arch_prctl
  0,32    0,000004           4         1           prlimit64
  0,32    0,000004           4         1           getrandom
  0,24    0,000003           3         1           set_tid_address
  0,24    0,000003           3         1           set_robust_list
  0,24    0,000003           3         1           rseq
------ ----------- ----------- --------- --------- ----------------
100,00    0,001251           9       138        14 total
