% time     seconds  usecs/call     calls    errors syscall
------ ----------- ----------- --------- --------- ----------------
 25,65    0,000326         326         1           execve
 20,38    0,000259           9        27           mmap
 10,31    0,000131          10        13           openat
  9,91    0,000126           8        15           read
  5,35    0,000068           4        15           close
  5,35    0,000068           9         7           mprotect
  4,25    0,000054           5        10         9 readlink
  3,93    0,000050           4        12           fstat
  2,12    0,000027           6         4           newfstatat
  1,34    0,000017          17         1           munmap
  1,34    0,000017           5         3           brk
  1,34    0,000017           8         2         2 statfs
  1,02    0,000013           4         3           getuid
  0,87    0,000011           5         2         2 access
  0,87    0,000011           3         3           geteuid
  0,55    0,000007           3         2           pread64
  0,55    0,000007           3         2           getgid
  0,55    0,000007           3         2           getegid
  0,55    0,000007           3         2           prctl
  0,47    0,000006           3         2           dup
  0,39    0,000005           5         1           write
  0,39    0,000005           5         1         1 ioctl
  0,39    0,000005           5         1           set_robust_list
  0,39    0,000005           5         1           prlimit64
  0,39    0,000005           5         1           getrandom
  0,31    0,000004           4         1           uname
  0,31    0,000004           4         1           rseq
  0,24    0,000003           3         1           fcntl
  0,24    0,000003           3         1           arch_prctl
  0,24    0,000003           3         1           set_tid_address
------ ----------- ----------- --------- --------- ----------------
100,00    0,001271           9       138        14 total
