% time     seconds  usecs/call     calls    errors syscall
------ ----------- ----------- --------- --------- ----------------
  0,00    0,000000           0        14           read
  0,00    0,000000           0        14           close
  0,00    0,000000           0        11           fstat
  0,00    0,000000           0        27           mmap
  0,00    0,000000           0         7           mprotect
  0,00    0,000000           0         1           munmap
  0,00    0,000000           0         3           brk
  0,00    0,000000           0         1           ioctl
  0,00    0,000000           0         2           pread64
  0,00    0,000000           0         2         2 access
  0,00    0,000000           0         2           dup
  0,00    0,000000           0         1           execve
  0,00    0,000000           0         1           uname
  0,00    0,000000           0         9         7 readlink
  0,00    0,000000           0         4           getuid
  0,00    0,000000           0         3           getgid
  0,00    0,000000           0         4           geteuid
  0,00    0,000000           0         3           getegid
  0,00    0,000000           0         2         2 statfs
  0,00    0,000000           0         3           prctl
  0,00    0,000000           0         1           arch_prctl
  0,00    0,000000           0         1           set_tid_address
  0,00    0,000000           0        12           openat
  0,00    0,000000           0         4           newfstatat
  0,00    0,000000           0         1           set_robust_list
  0,00    0,000000           0         1           prlimit64
  0,00    0,000000           0         1           getrandom
  0,00    0,000000           0         2           statx
  0,00    0,000000           0         1           rseq
------ ----------- ----------- --------- --------- ----------------
100,00    0,000000           0       138        11 total
