% time     seconds  usecs/call     calls    errors syscall
------ ----------- ----------- --------- --------- ----------------
 30,00    0,000009           0        10         9 readlink
 26,67    0,000008           0        15           close
 26,67    0,000008           4         2           dup
 16,67    0,000005           5         1           write
  0,00    0,000000           0        15           read
  0,00    0,000000           0        12           fstat
  0,00    0,000000           0        27           mmap
  0,00    0,000000           0         7           mprotect
  0,00    0,000000           0         1           munmap
  0,00    0,000000           0         3           brk
  0,00    0,000000           0         1         1 ioctl
  0,00    0,000000           0         2           pread64
  0,00    0,000000           0         2         2 access
  0,00    0,000000           0         1           execve
  0,00    0,000000           0         1           uname
  0,00    0,000000           0         1           fcntl
  0,00    0,000000           0         3           getuid
  0,00    0,000000           0         2           getgid
  0,00    0,000000           0         3           geteuid
  0,00    0,000000           0         2           getegid
  0,00    0,000000           0         2         2 statfs
  0,00    0,000000           0         2           prctl
  0,00    0,000000           0         1           arch_prctl
  0,00    0,000000           0         1           set_tid_address
  0,00    0,000000           0        13           openat
  0,00    0,000000           0         4           newfstatat
  0,00    0,000000           0         1           set_robust_list
  0,00    0,000000           0         1           prlimit64
  0,00    0,000000           0         1           getrandom
  0,00    0,000000           0         1           rseq
------ ----------- ----------- --------- --------- ----------------
100,00    0,000030           0       138        14 total
