% time     seconds  usecs/call     calls    errors syscall
------ ----------- ----------- --------- --------- ----------------
 21,56    0,000097           6        14           read
 20,89    0,000094           7        13           openat
 11,78    0,000053           3        15           close
 10,44    0,000047           5         8         7 readlink
  6,89    0,000031           7         4           newfstatat
  6,22    0,000028           2        12           fstat
  3,11    0,000014           4         3           getuid
  2,89    0,000013           4         3           geteuid
  2,67    0,000012           0        27           mmap
  2,00    0,000009           4         2           getgid
  2,00    0,000009           4         2           getegid
  2,00    0,000009           4         2           prctl
  1,78    0,000008           4         2           dup
  1,56    0,000007           3         2         2 access
  1,11    0,000005           5         1           write
  1,11    0,000005           5         1         1 ioctl
  1,11    0,000005           5         1           uname
  0,89    0,000004           4         1           fcntl
  0,00    0,000000           0         7           mprotect
  0,00    0,000000           0         1           munmap
  0,00    0,000000           0         3           brk
  0,00    0,000000           0         2           pread64
  0,00    0,000000           0         1           execve
  0,00    0,000000           0         2         2 statfs
  0,00    0,000000           0         1           arch_prctl
  0,00    0,000000           0         1           set_tid_address
  0,00    0,000000           0         1           set_robust_list
  0,00    0,000000           0         1           prlimit64
  0,00    0,000000           0         1           getrandom
  0,00    0,000000           0         1           rseq
------ ----------- ----------- --------- --------- ----------------
100,00    0,000450           3       135        12 total
