% time     seconds  usecs/call     calls    errors syscall
------ ----------- ----------- --------- --------- ----------------
 35,75    0,000301         301         1           execve
 32,07    0,000270          10        27           mmap
  7,48    0,000063           4        15           read
  7,48    0,000063           4        13           openat
  3,56    0,000030           2        15           close
  3,56    0,000030           2        12           fstat
  2,61    0,000022           3         7           mprotect
  1,66    0,000014           1        10         9 readlink
  0,83    0,000007           3         2           pread64
  0,83    0,000007           3         2         2 access
  0,59    0,000005           1         4           newfstatat
  0,48    0,000004           1         3           brk
  0,48    0,000004           4         1           arch_prctl
  0,48    0,000004           4         1           set_tid_address
  0,48    0,000004           4         1           set_robust_list
  0,48    0,000004           4         1           rseq
  0,24    0,000002           0         3           getuid
  0,24    0,000002           1         2           getgid
  0,24    0,000002           0         3           geteuid
  0,24    0,000002           1         2           getegid
  0,24    0,000002           1         2           prctl
  0,00    0,000000           0         1           write
  0,00    0,000000           0         1           munmap
  0,00    0,000000           0         1         1 ioctl
  0,00    0,000000           0         2           dup
  0,00    0,000000           0         1           uname
  0,00    0,000000           0         1           fcntl
  0,00    0,000000           0         2         2 statfs
  0,00    0,000000           0         1           prlimit64
  0,00    0,000000           0         1           getrandom
------ ----------- ----------- --------- --------- ----------------
100,00    0,000842           6       138        14 total
