% time     seconds  usecs/call     calls    errors syscall
------ ----------- ----------- --------- --------- ----------------
 32,93    0,000271          10        27           mmap
 16,77    0,000138          10        13           openat
 12,15    0,000100           7        14           read
  7,41    0,000061           4        15           close
  5,83    0,000048           4        12           fstat
  5,59    0,000046           6         7           mprotect
  5,59    0,000046           5         8         7 readlink
  3,40    0,000028           7         4           newfstatat
  1,22    0,000010           5         2           pread64
  0,97    0,000008           4         2           dup
  0,97    0,000008           2         3           getuid
  0,85    0,000007           2         3           geteuid
  0,73    0,000006           3         2           getgid
  0,73    0,000006           3         2           prctl
  0,61    0,000005           5         1           write
  0,61    0,000005           5         1         1 ioctl
  0,61    0,000005           2         2           getegid
  0,61    0,000005           5         1           arch_prctl
  0,49    0,000004           4         1           uname
  0,49    0,000004           4         1           fcntl
  0,49    0,000004           4         1           set_tid_address
  0,49    0,000004           4         1           set_robust_list
  0,49    0,000004           4         1           rseq
  0,00    0,000000           0         1           munmap
  0,00    0,000000           0         3           brk
  0,00    0,000000           0         2         2 access
  0,00    0,000000           0         1           execve
  0,00    0,000000           0         2         2 statfs
  0,00    0,000000           0         1           prlimit64
  0,00    0,000000           0         1           getrandom
------ ----------- ----------- --------- --------- ----------------
100,00    0,000823           6       135        12 total
