% time     seconds  usecs/call     calls    errors syscall
------ ----------- ----------- --------- --------- ----------------
 20,81    0,000154           5        27           mmap
 14,05    0,000104           6        15           read
 12,97    0,000096           7        13           openat
  8,92    0,000066           9         7           mprotect
  7,97    0,000059           3        15           close
  7,43    0,000055           5        10         9 readlink
  4,46    0,000033           2        12           fstat
  4,05    0,000030           7         4           newfstatat
  2,43    0,000018          18         1           munmap
  2,43    0,000018           9         2         2 statfs
  1,62    0,000012           4         3           brk
  1,49    0,000011           3         3           getuid
  1,49    0,000011           3         3           geteuid
  1,08    0,000008           4         2           dup
  1,08    0,000008           4         2           prctl
  0,95    0,000007           3         2           getgid
  0,81    0,000006           3         2           getegid
  0,68    0,000005           5         1           write
  0,68    0,000005           5         1         1 ioctl
  0,54    0,000004           4         1           uname
  0,54    0,000004           4         1           fcntl
  0,54    0,000004           4         1           arch_prctl
  0,54    0,000004           4         1           set_tid_address
  0,54    0,000004           4         1           prlimit64
  0,54    0,000004           4         1           getrandom
  0,54    0,000004           4         1           rseq
  0,41    0,000003           1         2         2 access
  0,41    0,000003           3         1           set_robust_list
  0,00    0,000000           0         2           pread64
  0,00    0,000000           0         1           execve
------ ----------- ----------- --------- --------- ----------------
100,00    0,000740           5       138        14 total
