% time     seconds  usecs/call     calls    errors syscall
------ ----------- ----------- --------- --------- ----------------
 42,82    0,001485          11       133           read
  9,78    0,000339           6        54        16 openat
  9,66    0,000335           2       112           lseek
  9,20    0,000319         319         1           execve
  9,03    0,000313          10        31           mmap
  4,07    0,000141           3        40           close
  2,85    0,000099          19         5           munmap
  2,57    0,000089           3        27        12 ioctl
  2,10    0,000073           3        23           fstat
  1,79    0,000062           4        14         9 readlink
  1,56    0,000054           7         7           mprotect
  0,84    0,000029           4         6           newfstatat
  0,61    0,000021           3         7           brk
  0,58    0,000020           4         5         3 faccessat2
  0,43    0,000015           3         5           fadvise64
  0,40    0,000014           2         5           fcntl
  0,29    0,000010           5         2           pread64
  0,20    0,000007           3         2         2 access
  0,17    0,000006           3         2           dup
  0,12    0,000004           4         1           arch_prctl
  0,12    0,000004           4         1           set_tid_address
  0,12    0,000004           4         1           set_robust_list
  0,12    0,000004           4         1           rseq
  0,09    0,000003           3         1           write
  0,09    0,000003           3         1           uname
  0,09    0,000003           1         3           getuid
  0,09    0,000003           1         2           getgid
  0,09    0,000003           1         3           geteuid
  0,09    0,000003           1         2           getegid
  0,09    0,000003           1         2           prctl
  0,00    0,000000           0         2         2 statfs
  0,00    0,000000           0         1           prlimit64
  0,00    0,000000           0         1           getrandom
------ ----------- ----------- --------- --------- ----------------
100,00    0,003468           6       503        44 total
