% time     seconds  usecs/call     calls    errors syscall
------ ----------- ----------- --------- --------- ----------------
 37,88    0,000239           8        27           mmap
 17,91    0,000113           5        21        12 openat
  9,19    0,000058           8         7           mprotect
  6,81    0,000043           4         9           read
  6,50    0,000041           3        11           close
  5,07    0,000032           3        10           fstat
  2,54    0,000016          16         1           munmap
  2,54    0,000016           8         2         2 statfs
  2,06    0,000013           4         3           brk
  1,27    0,000008           4         2           pread64
  1,11    0,000007           3         2           dup
  0,79    0,000005           5         1           write
  0,79    0,000005           2         2         2 access
  0,63    0,000004           4         1         1 ioctl
  0,63    0,000004           4         1           getuid
  0,63    0,000004           4         1           geteuid
  0,63    0,000004           4         1           arch_prctl
  0,63    0,000004           4         1           set_robust_list
  0,63    0,000004           4         1           prlimit64
  0,63    0,000004           4         1           getrandom
  0,63    0,000004           4         1           rseq
  0,48    0,000003           3         1           set_tid_address
  0,00    0,000000           0         1           execve
------ ----------- ----------- --------- --------- ----------------
100,00    0,000631           5       108        17 total
