% time     seconds  usecs/call     calls    errors syscall
------ ----------- ----------- --------- --------- ----------------
 47,47    0,000329         329         1           execve
 10,25    0,000071           2        27           mmap
  9,24    0,000064           4        14           read
  6,78    0,000047           3        12           openat
  4,76    0,000033           2        14           close
  4,04    0,000028           3         9         7 readlink
  2,60    0,000018           1        11           fstat
  2,45    0,000017           4         4           newfstatat
  1,59    0,000011           2         4           getuid
  1,30    0,000009           2         4           geteuid
  1,15    0,000008           4         2         2 access
  1,15    0,000008           4         2           statx
  1,01    0,000007           2         3           getgid
  1,01    0,000007           2         3           getegid
  1,01    0,000007           2         3           prctl
  0,87    0,000006           2         3           brk
  0,72    0,000005           5         1           munmap
  0,72    0,000005           5         1           ioctl
  0,72    0,000005           2         2           dup
  0,58    0,000004           2         2         2 statfs
  0,43    0,000003           3         1           uname
  0,14    0,000001           1         1           getrandom
  0,00    0,000000           0         7           mprotect
  0,00    0,000000           0         2           pread64
  0,00    0,000000           0         1           arch_prctl
  0,00    0,000000           0         1           set_tid_address
  0,00    0,000000           0         1           set_robust_list
  0,00    0,000000           0         1           prlimit64
  0,00    0,000000           0         1           rseq
------ ----------- ----------- --------- --------- ----------------
100,00    0,000693           5       138        11 total
