% time     seconds  usecs/call     calls    errors syscall
------ ----------- ----------- --------- --------- ----------------
 28,18    0,000266           9        27           mmap
 12,39    0,000117           8        14           read
 11,02    0,000104           8        12           openat
  7,10    0,000067           9         7           mprotect
  6,89    0,000065           4        14           close
  5,93    0,000056           6         9         7 readlink
  4,66    0,000044           4        11           fstat
  3,92    0,000037           9         4           newfstatat
  1,91    0,000018          18         1           munmap
  1,91    0,000018           9         2         2 statfs
  1,59    0,000015           3         4           getuid
  1,59    0,000015           3         4           geteuid
  1,48    0,000014           4         3           brk
  1,48    0,000014           7         2           statx
  1,38    0,000013           4         3           getgid
  1,27    0,000012           4         3           prctl
  1,17    0,000011           3         3           getegid
  0,95    0,000009           4         2           pread64
  0,74    0,000007           3         2           dup
  0,64    0,000006           6         1           ioctl
  0,64    0,000006           3         2         2 access
  0,53    0,000005           5         1           uname
  0,53    0,000005           5         1           getrandom
  0,42    0,000004           4         1           arch_prctl
  0,42    0,000004           4         1           set_tid_address
  0,42    0,000004           4         1           set_robust_list
  0,42    0,000004           4         1           prlimit64
  0,42    0,000004           4         1           rseq
  0,00    0,000000           0         1           execve
------ ----------- ----------- --------- --------- ----------------
100,00    0,000944           6       138        11 total
