% time     seconds  usecs/call     calls    errors syscall
------ ----------- ----------- --------- --------- ----------------
 26,35    0,000151           5        27           mmap
 17,28    0,000099           5        19           openat
 15,71    0,000090           4        21           read
  7,16    0,000041           1        21           close
  7,16    0,000041           5         7           mprotect
  4,54    0,000026           1        14           fstat
  4,01    0,000023           1        14        13 readlink
  3,14    0,000018           1        10           newfstatat
  2,79    0,000016           8         2         2 statfs
  1,92    0,000011          11         1           munmap
  1,22    0,000007           2         3           brk
  1,22    0,000007           2         3           getuid
  0,87    0,000005           1         3           geteuid
  0,70    0,000004           2         2           pread64
  0,70    0,000004           1         3           fcntl
  0,70    0,000004           2         2           getegid
  0,70    0,000004           2         2           prctl
  0,52    0,000003           1         2         2 access
  0,52    0,000003           1         2           getgid
  0,52    0,000003           3         1           getrandom
  0,35    0,000002           2         1           write
  0,35    0,000002           1         2           dup
  0,35    0,000002           2         1           arch_prctl
  0,35    0,000002           2         1           set_tid_address
  0,35    0,000002           2         1           prlimit64
  0,35    0,000002           2         1           rseq
  0,17    0,000001           1         1           set_robust_list
  0,00    0,000000           0         1         1 ioctl
  0,00    0,000000           0         1           execve
  0,00    0,000000           0         1           uname
------ ----------- ----------- --------- --------- ----------------
100,00    0,000573           3       170        18 total
