% time     seconds  usecs/call     calls    errors syscall
------ ----------- ----------- --------- --------- ----------------
 50,79    0,001958          14       133           read
 12,43    0,000479           8        54        16 openat
 11,00    0,000424           3       112           lseek
  4,82    0,000186           4        40           close
  3,58    0,000138          27         5           munmap
  2,88    0,000111           4        27        12 ioctl
  2,36    0,000091           6        14         9 readlink
  2,23    0,000086          12         7           mprotect
  2,10    0,000081           3        23           fstat
  1,14    0,000044           1        31           mmap
  1,06    0,000041           6         6           newfstatat
  1,04    0,000040           5         7           brk
  0,80    0,000031           6         5         3 faccessat2
  0,54    0,000021           4         5           fadvise64
  0,52    0,000020           4         5           fcntl
  0,49    0,000019           9         2         2 statfs
  0,34    0,000013           4         3           getuid
  0,34    0,000013           4         3           geteuid
  0,23    0,000009           4         2           prctl
  0,21    0,000008           4         2           dup
  0,21    0,000008           4         2           getgid
  0,21    0,000008           4         2           getegid
  0,16    0,000006           3         2         2 access
  0,16    0,000006           6         1           getrandom
  0,13    0,000005           5         1           write
  0,13    0,000005           5         1           uname
  0,10    0,000004           4         1           prlimit64
  0,00    0,000000           0         2           pread64
  0,00    0,000000           0         1           execve
  0,00    0,000000           0         1           arch_prctl
  0,00    0,000000           0         1           set_tid_address
  0,00    0,000000           0         1           set_robust_list
  0,00    0,000000           0         1           rseq
------ ----------- ----------- --------- --------- ----------------
100,00    0,003855           7       503        44 total
