% time     seconds  usecs/call     calls    errors syscall
------ ----------- ----------- --------- --------- ----------------
 35,73    0,000184         184         1           execve
 13,20    0,000068           2        27           mmap
 12,82    0,000066           3        19           openat
 11,26    0,000058           2        21           read
  4,85    0,000025           1        21           close
  4,27    0,000022           1        14        13 readlink
  3,30    0,000017           1        14           fstat
  3,11    0,000016           1        10           newfstatat
  2,52    0,000013           1         7           mprotect
  1,36    0,000007           2         3           brk
  1,17    0,000006           6         1           munmap
  0,97    0,000005           2         2         2 access
  0,97    0,000005           2         2         2 statfs
  0,58    0,000003           1         3           fcntl
  0,58    0,000003           1         3           getuid
  0,58    0,000003           1         3           geteuid
  0,39    0,000002           1         2           dup
  0,39    0,000002           2         1           uname
  0,39    0,000002           1         2           getgid
  0,39    0,000002           1         2           getegid
  0,39    0,000002           1         2           prctl
  0,19    0,000001           1         1           write
  0,19    0,000001           1         1         1 ioctl
  0,19    0,000001           1         1           prlimit64
  0,19    0,000001           1         1           getrandom
  0,00    0,000000           0         2           pread64
  0,00    0,000000           0         1           arch_prctl
  0,00    0,000000           0         1           set_tid_address
  0,00    0,000000           0         1           set_robust_list
  0,00    0,000000           0         1           rseq
------ ----------- ----------- --------- --------- ----------------
100,00    0,000515           3       170        18 total
