% time     seconds  usecs/call     calls    errors syscall
------ ----------- ----------- --------- --------- ----------------
 16,57    0,000117           4        27           mmap
 15,72    0,000111           7        15           read
 13,46    0,000095           7        13           openat
  9,63    0,000068           9         7           mprotect
  7,65    0,000054           3        15           close
  7,51    0,000053           5        10         9 readlink
  4,39    0,000031           2        12           fstat
  3,82    0,000027           6         4           newfstatat
  2,69    0,000019          19         1           munmap
  2,69    0,000019           9         2         2 statfs
  1,70    0,000012           4         3           brk
  1,70    0,000012           4         3           getuid
  1,56    0,000011           3         3           geteuid
  1,13    0,000008           4         2           dup
  1,13    0,000008           4         2           getgid
  1,13    0,000008           4         2           prctl
  0,85    0,000006           3         2           getegid
  0,71    0,000005           2         2         2 access
  0,71    0,000005           5         1           arch_prctl
  0,71    0,000005           5         1           prlimit64
  0,71    0,000005           5         1           getrandom
  0,57    0,000004           4         1           write
  0,57    0,000004           4         1         1 ioctl
  0,57    0,000004           4         1           uname
  0,57    0,000004           4         1           fcntl
  0,57    0,000004           4         1           set_robust_list
  0,57    0,000004           4         1           rseq
  0,42    0,000003           3         1           set_tid_address
  0,00    0,000000           0         2           pread64
  0,00    0,000000           0         1           execve
------ ----------- ----------- --------- --------- ----------------
100,00    0,000706           5       138        14 total
