% time     seconds  usecs/call     calls    errors syscall
------ ----------- ----------- --------- --------- ----------------
 43,05    0,000254           9        27           mmap
 14,07    0,000083           5        15           read
 12,20    0,000072           5        13           openat
  5,76    0,000034           2        15           close
  5,76    0,000034           3        10         9 readlink
  5,08    0,000030           2        12           fstat
  2,88    0,000017           2         7           mprotect
  1,69    0,000010           5         2           pread64
  1,36    0,000008           2         3           getuid
  1,36    0,000008           2         4           newfstatat
  1,19    0,000007           3         2           getgid
  1,19    0,000007           3         2           getegid
  1,19    0,000007           3         2           prctl
  1,02    0,000006           2         3           geteuid
  0,68    0,000004           4         1         1 ioctl
  0,51    0,000003           3         1           arch_prctl
  0,34    0,000002           2         1           set_tid_address
  0,34    0,000002           2         1           set_robust_list
  0,34    0,000002           2         1           rseq
  0,00    0,000000           0         1           write
  0,00    0,000000           0         1           munmap
  0,00    0,000000           0         3           brk
  0,00    0,000000           0         2         2 access
  0,00    0,000000           0         2           dup
  0,00    0,000000           0         1           execve
  0,00    0,000000           0         1           uname
  0,00    0,000000           0         1           fcntl
  0,00    0,000000           0         2         2 statfs
  0,00    0,000000           0         1           prlimit64
  0,00    0,000000           0         1           getrandom
------ ----------- ----------- --------- --------- ----------------
100,00    0,000590           4       138        14 total
