% time     seconds  usecs/call     calls    errors syscall
------ ----------- ----------- --------- --------- ----------------
 27,64    0,000123           4        27           mmap
 14,61    0,000065           5        13           openat
 12,13    0,000054           3        15           read
 10,11    0,000045           3        15           close
  8,99    0,000040           5         7           mprotect
  4,94    0,000022           1        12           fstat
  4,49    0,000020           2        10         9 readlink
  1,80    0,000008           4         2           dup
  1,80    0,000008           2         4           newfstatat
  1,35    0,000006           3         2         2 statfs
  1,12    0,000005           5         1           write
  1,12    0,000005           5         1           munmap
  0,90    0,000004           4         1           fcntl
  0,90    0,000004           1         3           getuid
  0,90    0,000004           1         3           geteuid
  0,90    0,000004           4         1           arch_prctl
  0,90    0,000004           4         1           set_robust_list
  0,90    0,000004           4         1           rseq
  0,67    0,000003           1         3           brk
  0,67    0,000003           1         2           getgid
  0,67    0,000003           1         2           prctl
  0,67    0,000003           3         1           set_tid_address
  0,45    0,000002           1         2         2 access
  0,45    0,000002           1         2           getegid
  0,22    0,000001           1         1         1 ioctl
  0,22    0,000001           1         1           uname
  0,22    0,000001           1         1           prlimit64
  0,22    0,000001           1         1           getrandom
  0,00    0,000000           0         2           pread64
  0,00    0,000000           0         1           execve
------ ----------- ----------- --------- --------- ----------------
100,00    0,000445           3       138        14 total
