% time     seconds  usecs/call     calls    errors syscall
------ ----------- ----------- --------- --------- ----------------
 28,42    0,000270          10        27           mmap
 15,47    0,000147          11        13           openat
 13,16    0,000125           8        15           read
  7,05    0,000067           4        15           close
  6,63    0,000063           9         7           mprotect
  5,16    0,000049           4        12           fstat
  5,05    0,000048           4        10         9 readlink
  2,95    0,000028           7         4           newfstatat
  1,89    0,000018          18         1           munmap
  1,89    0,000018           9         2         2 statfs
  1,26    0,000012           4         3           brk
  1,05    0,000010           3         3           getuid
  0,95    0,000009           3         3           geteuid
  0,84    0,000008           4         2           pread64
  0,84    0,000008           4         2           dup
  0,84    0,000008           4         2           prctl
  0,74    0,000007           3         2           getgid
  0,63    0,000006           3         2         2 access
  0,63    0,000006           3         2           getegid
  0,53    0,000005           5         1           uname
  0,53    0,000005           5         1           prlimit64
  0,53    0,000005           5         1           getrandom
  0,42    0,000004           4         1           write
  0,42    0,000004           4         1         1 ioctl
  0,42    0,000004           4         1           fcntl
  0,42    0,000004           4         1           arch_prctl
  0,42    0,000004           4         1           set_tid_address
  0,42    0,000004           4         1           set_robust_list
  0,42    0,000004           4         1           rseq
  0,00    0,000000           0         1           execve
------ ----------- ----------- --------- --------- ----------------
100,00    0,000950           6       138        14 total
