% time     seconds  usecs/call     calls    errors syscall
------ ----------- ----------- --------- --------- ----------------
 39,59    0,000270          10        27           mmap
 37,54    0,000256         256         1           execve
  7,62    0,000052           4        13           openat
  3,52    0,000024           1        15           close
  3,52    0,000024           2        12           fstat
  3,37    0,000023           1        15           read
  1,32    0,000009           4         2           pread64
  0,88    0,000006           3         2         2 access
  0,59    0,000004           1         3           brk
  0,59    0,000004           4         1           arch_prctl
  0,59    0,000004           4         1           rseq
  0,44    0,000003           3         1           set_tid_address
  0,44    0,000003           3         1           set_robust_list
  0,00    0,000000           0         1           write
  0,00    0,000000           0         7           mprotect
  0,00    0,000000           0         1           munmap
  0,00    0,000000           0         1         1 ioctl
  0,00    0,000000           0         2           dup
  0,00    0,000000           0         1           uname
  0,00    0,000000           0         1           fcntl
  0,00    0,000000           0        10         9 readlink
  0,00    0,000000           0         3           getuid
  0,00    0,000000           0         2           getgid
  0,00    0,000000           0         3           geteuid
  0,00    0,000000           0         2           getegid
  0,00    0,000000           0         2         2 statfs
  0,00    0,000000           0         2           prctl
  0,00    0,000000           0         4           newfstatat
  0,00    0,000000           0         1           prlimit64
  0,00    0,000000           0         1           getrandom
------ ----------- ----------- --------- --------- ----------------
100,00    0,000682           4       138        14 total
