% time     seconds  usecs/call     calls    errors syscall
------ ----------- ----------- --------- --------- ----------------
 19,17    0,000120           4        27           mmap
 16,93    0,000106           8        13           openat
 13,10    0,000082           5        15           read
 10,54    0,000066           9         7           mprotect
  7,67    0,000048           3        15           close
  5,11    0,000032           3        10         9 readlink
  4,95    0,000031           2        12           fstat
  3,19    0,000020           5         4           newfstatat
  2,88    0,000018           9         2         2 statfs
  2,56    0,000016          16         1           munmap
  2,08    0,000013           4         3           brk
  1,28    0,000008           4         2           dup
  0,80    0,000005           5         1           write
  0,80    0,000005           2         2         2 access
  0,80    0,000005           1         3           getuid
  0,80    0,000005           1         3           geteuid
  0,80    0,000005           5         1           prlimit64
  0,80    0,000005           5         1           getrandom
  0,80    0,000005           5         1           rseq
  0,64    0,000004           4         1           fcntl
  0,64    0,000004           2         2           getgid
  0,64    0,000004           2         2           getegid
  0,64    0,000004           4         1           arch_prctl
  0,64    0,000004           4         1           set_robust_list
  0,48    0,000003           3         1           uname
  0,48    0,000003           1         2           prctl
  0,48    0,000003           3         1           set_tid_address
  0,32    0,000002           2         1         1 ioctl
  0,00    0,000000           0         2           pread64
  0,00    0,000000           0         1           execve
------ ----------- ----------- --------- --------- ----------------
100,00    0,000626           4       138        14 total
