% time     seconds  usecs/call     calls    errors syscall
------ ----------- ----------- --------- --------- ----------------
 66,52    0,004539          34       133           read
  9,16    0,000625           5       112           lseek
  8,72    0,000595          11        54        16 openat
  2,78    0,000190           4        40           close
  2,21    0,000151          21         7           brk
  2,04    0,000139           5        27        12 ioctl
  1,77    0,000121          24         5           munmap
  1,23    0,000084           6        14         9 readlink
  1,22    0,000083           3        23           fstat
  0,73    0,000050           8         6           newfstatat
  0,60    0,000041           5         7           mprotect
  0,44    0,000030           6         5         3 faccessat2
  0,35    0,000024           4         5           fcntl
  0,31    0,000021           4         5           fadvise64
  0,29    0,000020           6         3           getuid
  0,26    0,000018           0        31           mmap
  0,26    0,000018           9         2         2 statfs
  0,19    0,000013           6         2           dup
  0,16    0,000011           3         3           geteuid
  0,12    0,000008           4         2           getgid
  0,12    0,000008           4         2           getegid
  0,12    0,000008           4         2           prctl
  0,10    0,000007           7         1           write
  0,09    0,000006           3         2         2 access
  0,09    0,000006           6         1           getrandom
  0,06    0,000004           4         1           uname
  0,06    0,000004           4         1           prlimit64
  0,00    0,000000           0         2           pread64
  0,00    0,000000           0         1           execve
  0,00    0,000000           0         1           arch_prctl
  0,00    0,000000           0         1           set_tid_address
  0,00    0,000000           0         1           set_robust_list
  0,00    0,000000           0         1           rseq
------ ----------- ----------- --------- --------- ----------------
100,00    0,006824          13       503        44 total
