% time     seconds  usecs/call     calls    errors syscall
------ ----------- ----------- --------- --------- ----------------
 19,09    0,000097           6        15           read
 16,73    0,000085           6        13           openat
  9,65    0,000049           4        10         9 readlink
  8,66    0,000044           6         7           mprotect
  7,87    0,000040           2        15           close
  7,48    0,000038           3        12           fstat
  4,92    0,000025           6         4           newfstatat
  3,35    0,000017          17         1           munmap
  2,95    0,000015           7         2         2 statfs
  2,36    0,000012           4         3           brk
  1,97    0,000010           3         3           getuid
  1,77    0,000009           0        27           mmap
  1,77    0,000009           3         3           geteuid
  1,57    0,000008           4         2           dup
  1,38    0,000007           3         2           getgid
  1,38    0,000007           3         2           getegid
  1,38    0,000007           3         2           prctl
  0,98    0,000005           2         2         2 access
  0,79    0,000004           4         1           write
  0,79    0,000004           4         1         1 ioctl
  0,79    0,000004           4         1           uname
  0,79    0,000004           4         1           fcntl
  0,79    0,000004           4         1           prlimit64
  0,79    0,000004           4         1           getrandom
  0,00    0,000000           0         2           pread64
  0,00    0,000000           0         1           execve
  0,00    0,000000           0         1           arch_prctl
  0,00    0,000000           0         1           set_tid_address
  0,00    0,000000           0         1           set_robust_list
  0,00    0,000000           0         1           rseq
------ ----------- ----------- --------- --------- ----------------
100,00    0,000508           3       138        14 total
