% time     seconds  usecs/call     calls    errors syscall
------ ----------- ----------- --------- --------- ----------------
 22,00    0,000275         275         1           execve
 21,92    0,000274          10        27           mmap
 10,40    0,000130           8        15           read
 10,32    0,000129           9        13           openat
  5,60    0,000070           4        15           close
  4,96    0,000062           8         7           mprotect
  4,24    0,000053           4        12           fstat
  4,00    0,000050           5        10         9 readlink
  2,32    0,000029           7         4           newfstatat
  2,16    0,000027           9         3           brk
  1,36    0,000017          17         1           munmap
  1,28    0,000016           8         2         2 statfs
  1,12    0,000014           4         3           geteuid
  0,96    0,000012           6         2         2 access
  0,96    0,000012           4         3           getuid
  0,72    0,000009           4         2           pread64
  0,64    0,000008           4         2           dup
  0,64    0,000008           4         2           getegid
  0,64    0,000008           4         2           prctl
  0,56    0,000007           3         2           getgid
  0,40    0,000005           5         1           uname
  0,40    0,000005           5         1           getrandom
  0,32    0,000004           4         1           write
  0,32    0,000004           4         1         1 ioctl
  0,32    0,000004           4         1           set_tid_address
  0,32    0,000004           4         1           set_robust_list
  0,32    0,000004           4         1           prlimit64
  0,32    0,000004           4         1           rseq
  0,24    0,000003           3         1           fcntl
  0,24    0,000003           3         1           arch_prctl
------ ----------- ----------- --------- --------- ----------------
100,00    0,001250           9       138        14 total
