% time     seconds  usecs/call     calls    errors syscall
------ ----------- ----------- --------- --------- ----------------
 39,53    0,000270         270         1           execve
 12,74    0,000087           4        21        12 openat
 11,13    0,000076           2        27           mmap
 10,25    0,000070          10         7           mprotect
  4,83    0,000033           3         9           read
  4,83    0,000033           3        11           close
  3,51    0,000024           2        10           fstat
  2,49    0,000017          17         1           munmap
  1,90    0,000013           4         3           brk
  1,61    0,000011           5         2         2 statfs
  1,46    0,000010           5         2         2 access
  1,02    0,000007           3         2           dup
  0,73    0,000005           5         1           set_tid_address
  0,59    0,000004           4         1           arch_prctl
  0,59    0,000004           4         1           prlimit64
  0,59    0,000004           4         1           rseq
  0,44    0,000003           3         1           write
  0,44    0,000003           3         1           set_robust_list
  0,44    0,000003           3         1           getrandom
  0,29    0,000002           2         1         1 ioctl
  0,29    0,000002           2         1           getuid
  0,29    0,000002           2         1           geteuid
  0,00    0,000000           0         2           pread64
------ ----------- ----------- --------- --------- ----------------
100,00    0,000683           6       108        17 total
