% time     seconds  usecs/call     calls    errors syscall
------ ----------- ----------- --------- --------- ----------------
 26,38    0,000225           8        27           mmap
 13,72    0,000117           9        13           openat
 13,25    0,000113           8        14           read
  7,97    0,000068           4        15           close
  7,62    0,000065           9         7           mprotect
  5,39    0,000046           3        12           fstat
  4,92    0,000042           5         8         7 readlink
  3,05    0,000026           6         4           newfstatat
  1,88    0,000016          16         1           munmap
  1,88    0,000016           8         2         2 statfs
  1,41    0,000012           4         3           brk
  1,41    0,000012           4         3           getuid
  1,29    0,000011           3         3           geteuid
  1,06    0,000009           4         2           pread64
  0,94    0,000008           4         2           dup
  0,82    0,000007           3         2           getgid
  0,82    0,000007           3         2           prctl
  0,70    0,000006           3         2         2 access
  0,70    0,000006           3         2           getegid
  0,59    0,000005           5         1         1 ioctl
  0,59    0,000005           5         1           getrandom
  0,47    0,000004           4         1           write
  0,47    0,000004           4         1           uname
  0,47    0,000004           4         1           fcntl
  0,47    0,000004           4         1           arch_prctl
  0,47    0,000004           4         1           set_tid_address
  0,47    0,000004           4         1           prlimit64
  0,47    0,000004           4         1           rseq
  0,35    0,000003           3         1           set_robust_list
  0,00    0,000000           0         1           execve
------ ----------- ----------- --------- --------- ----------------
100,00    0,000853           6       135        12 total
