% time     seconds  usecs/call     calls    errors syscall
------ ----------- ----------- --------- --------- ----------------
 41,58    0,000343           9        36           mmap
 19,27    0,000159           6        24        12 openat
  7,64    0,000063           5        12           read
  6,55    0,000054           4        12           close
  6,18    0,000051           4        12           fstat
  5,94    0,000049           5         9           mprotect
  1,82    0,000015           3         4           prctl
  1,70    0,000014           7         2         2 statfs
  1,45    0,000012           4         3           brk
  1,45    0,000012           6         2         2 access
  1,33    0,000011          11         1           munmap
  0,97    0,000008           4         2           pread64
  0,61    0,000005           5         1           write
  0,61    0,000005           5         1         1 ioctl
  0,61    0,000005           5         1           getrandom
  0,48    0,000004           4         1           getuid
  0,36    0,000003           3         1           fstatfs
  0,36    0,000003           3         1           set_robust_list
  0,36    0,000003           3         1           prlimit64
  0,24    0,000002           2         1           arch_prctl
  0,24    0,000002           2         1           set_tid_address
  0,24    0,000002           2         1           rseq
  0,00    0,000000           0         1           execve
------ ----------- ----------- --------- --------- ----------------
100,00    0,000825           6       130        17 total
