% time     seconds  usecs/call     calls    errors syscall
------ ----------- ----------- --------- --------- ----------------
 37,83    0,000328           9        36           mmap
 18,80    0,000163           6        24        12 openat
  9,92    0,000086           9         9           mprotect
  8,54    0,000074           6        12           read
  5,54    0,000048           4        12           close
  4,96    0,000043           3        12           fstat
  2,19    0,000019          19         1           munmap
  2,08    0,000018           6         3           brk
  1,96    0,000017           8         2         2 statfs
  1,73    0,000015           3         4           prctl
  0,92    0,000008           4         2           pread64
  0,69    0,000006           3         2         2 access
  0,58    0,000005           5         1           write
  0,58    0,000005           5         1         1 ioctl
  0,58    0,000005           5         1           getuid
  0,58    0,000005           5         1           getrandom
  0,46    0,000004           4         1           fstatfs
  0,46    0,000004           4         1           set_robust_list
  0,46    0,000004           4         1           prlimit64
  0,46    0,000004           4         1           rseq
  0,35    0,000003           3         1           arch_prctl
  0,35    0,000003           3         1           set_tid_address
  0,00    0,000000           0         1           execve
------ ----------- ----------- --------- --------- ----------------
100,00    0,000867           6       130        17 total
