% time     seconds  usecs/call     calls    errors syscall
------ ----------- ----------- --------- --------- ----------------
 30,92    0,000320         320         1           execve
 30,05    0,000311           8        36           mmap
 13,72    0,000142           5        24        12 openat
  5,99    0,000062           5        12           read
  4,25    0,000044           3        12           close
  4,25    0,000044           3        12           fstat
  2,13    0,000022          22         1           munmap
  1,74    0,000018           6         3           brk
  1,55    0,000016           8         2         2 statfs
  1,35    0,000014           3         4           prctl
  1,26    0,000013           6         2         2 access
  0,87    0,000009           4         2           pread64
  0,48    0,000005           5         1           fstatfs
  0,39    0,000004           4         1           write
  0,39    0,000004           4         1           getuid
  0,39    0,000004           4         1           getrandom
  0,29    0,000003           3         1         1 ioctl
  0,00    0,000000           0         9           mprotect
  0,00    0,000000           0         1           arch_prctl
  0,00    0,000000           0         1           set_tid_address
  0,00    0,000000           0         1           set_robust_list
  0,00    0,000000           0         1           prlimit64
  0,00    0,000000           0         1           rseq
------ ----------- ----------- --------- --------- ----------------
100,00    0,001035           7       130        17 total
