% time     seconds  usecs/call     calls    errors syscall
------ ----------- ----------- --------- --------- ----------------
 63,30    0,000069           2        24        12 openat
 11,01    0,000012           1        12           close
  8,26    0,000009           0        12           read
  7,34    0,000008           0        12           fstat
  3,67    0,000004           4         1           write
  3,67    0,000004           4         1         1 ioctl
  2,75    0,000003           3         1           getuid
  0,00    0,000000           0        36           mmap
  0,00    0,000000           0         9           mprotect
  0,00    0,000000           0         1           munmap
  0,00    0,000000           0         3           brk
  0,00    0,000000           0         2           pread64
  0,00    0,000000           0         2         2 access
  0,00    0,000000           0         1           execve
  0,00    0,000000           0         2         2 statfs
  0,00    0,000000           0         1           fstatfs
  0,00    0,000000           0         4           prctl
  0,00    0,000000           0         1           arch_prctl
  0,00    0,000000           0         1           set_tid_address
  0,00    0,000000           0         1           set_robust_list
  0,00    0,000000           0         1           prlimit64
  0,00    0,000000           0         1           getrandom
  0,00    0,000000           0         1           rseq
------ ----------- ----------- --------- --------- ----------------
100,00    0,000109           0       130        17 total
