% time     seconds  usecs/call     calls    errors syscall
------ ----------- ----------- --------- --------- ----------------
 46,17    0,000338           9        36           mmap
 16,67    0,000122           5        24        12 openat
  8,20    0,000060           6         9           mprotect
  7,92    0,000058           4        12           read
  5,05    0,000037           3        12           close
  4,92    0,000036           3        12           fstat
  1,50    0,000011          11         1           munmap
  1,37    0,000010           5         2         2 statfs
  1,23    0,000009           3         3           brk
  1,23    0,000009           4         2           pread64
  1,23    0,000009           2         4           prctl
  0,55    0,000004           4         1           arch_prctl
  0,41    0,000003           3         1           write
  0,41    0,000003           3         1         1 ioctl
  0,41    0,000003           1         2         2 access
  0,41    0,000003           3         1           getuid
  0,41    0,000003           3         1           fstatfs
  0,41    0,000003           3         1           set_tid_address
  0,41    0,000003           3         1           set_robust_list
  0,41    0,000003           3         1           prlimit64
  0,41    0,000003           3         1           rseq
  0,27    0,000002           2         1           getrandom
  0,00    0,000000           0         1           execve
------ ----------- ----------- --------- --------- ----------------
100,00    0,000732           5       130        17 total
