% time     seconds  usecs/call     calls    errors syscall
------ ----------- ----------- --------- --------- ----------------
 54,50    0,000309           8        36           mmap
 13,93    0,000079           3        24        12 openat
  7,58    0,000043           3        12           read
  5,47    0,000031           2        12           fstat
  5,29    0,000030           2        12           close
  2,82    0,000016           1         9           mprotect
  1,59    0,000009           9         1           munmap
  1,59    0,000009           4         2           pread64
  1,23    0,000007           3         2         2 statfs
  1,23    0,000007           1         4           prctl
  1,06    0,000006           2         3           brk
  0,71    0,000004           4         1           arch_prctl
  0,71    0,000004           4         1           set_tid_address
  0,71    0,000004           4         1           set_robust_list
  0,53    0,000003           3         1           rseq
  0,35    0,000002           2         1           fstatfs
  0,35    0,000002           2         1           prlimit64
  0,35    0,000002           2         1           getrandom
  0,00    0,000000           0         1           write
  0,00    0,000000           0         1         1 ioctl
  0,00    0,000000           0         2         2 access
  0,00    0,000000           0         1           execve
  0,00    0,000000           0         1           getuid
------ ----------- ----------- --------- --------- ----------------
100,00    0,000567           4       130        17 total
