% time     seconds  usecs/call     calls    errors syscall
------ ----------- ----------- --------- --------- ----------------
 35,94    0,000432         432         1           execve
 23,88    0,000287           7        36           mmap
 11,98    0,000144           6        24        12 openat
  6,24    0,000075           8         9           mprotect
  5,07    0,000061           5        12           read
  3,66    0,000044           3        12           close
  3,49    0,000042           3        12           fstat
  1,41    0,000017          17         1           munmap
  1,33    0,000016           5         3           brk
  1,25    0,000015           7         2         2 statfs
  1,25    0,000015           3         4           prctl
  0,92    0,000011           5         2         2 access
  0,58    0,000007           3         2           pread64
  0,42    0,000005           5         1           fstatfs
  0,33    0,000004           4         1         1 ioctl
  0,33    0,000004           4         1           prlimit64
  0,33    0,000004           4         1           getrandom
  0,33    0,000004           4         1           rseq
  0,25    0,000003           3         1           write
  0,25    0,000003           3         1           getuid
  0,25    0,000003           3         1           arch_prctl
  0,25    0,000003           3         1           set_tid_address
  0,25    0,000003           3         1           set_robust_list
------ ----------- ----------- --------- --------- ----------------
100,00    0,001202           9       130        17 total
