% time     seconds  usecs/call     calls    errors syscall
------ ----------- ----------- --------- --------- ----------------
 22,86    0,000112           3        36           mmap
 22,45    0,000110           4        24        12 openat
 15,31    0,000075           8         9           mprotect
  8,78    0,000043           3        12           read
  5,71    0,000028           2        12           close
  4,90    0,000024           2        12           fstat
  3,27    0,000016          16         1           munmap
  3,06    0,000015           7         2         2 statfs
  2,65    0,000013           3         4           prctl
  2,24    0,000011           3         3           brk
  1,02    0,000005           2         2         2 access
  1,02    0,000005           5         1           getrandom
  0,82    0,000004           4         1           write
  0,82    0,000004           4         1           getuid
  0,82    0,000004           4         1           fstatfs
  0,82    0,000004           4         1           arch_prctl
  0,82    0,000004           4         1           prlimit64
  0,82    0,000004           4         1           rseq
  0,61    0,000003           3         1         1 ioctl
  0,61    0,000003           3         1           set_tid_address
  0,61    0,000003           3         1           set_robust_list
  0,00    0,000000           0         2           pread64
  0,00    0,000000           0         1           execve
------ ----------- ----------- --------- --------- ----------------
100,00    0,000490           3       130        17 total
