% time     seconds  usecs/call     calls    errors syscall
------ ----------- ----------- --------- --------- ----------------
 31,06    0,000324           9        36           mmap
 26,94    0,000281         281         1           execve
  9,30    0,000097           4        24        12 openat
  7,38    0,000077           8         9           mprotect
  6,33    0,000066           5        12           read
  4,41    0,000046           3        12           fstat
  4,31    0,000045           3        12           close
  1,63    0,000017          17         1           munmap
  1,53    0,000016           5         3           brk
  1,34    0,000014           7         2         2 statfs
  1,15    0,000012           3         4           prctl
  1,05    0,000011           5         2         2 access
  0,77    0,000008           4         2           pread64
  0,48    0,000005           5         1           fstatfs
  0,38    0,000004           4         1           arch_prctl
  0,38    0,000004           4         1           prlimit64
  0,38    0,000004           4         1           getrandom
  0,29    0,000003           3         1           getuid
  0,29    0,000003           3         1           set_tid_address
  0,29    0,000003           3         1           set_robust_list
  0,29    0,000003           3         1           rseq
  0,00    0,000000           0         1           write
  0,00    0,000000           0         1         1 ioctl
------ ----------- ----------- --------- --------- ----------------
100,00    0,001043           8       130        17 total
