% time     seconds  usecs/call     calls    errors syscall
------ ----------- ----------- --------- --------- ----------------
 36,04    0,000324           9        36           mmap
 33,48    0,000301         301         1           execve
  9,34    0,000084           3        24        12 openat
  4,78    0,000043           3        12           read
  4,67    0,000042           3        12           close
  4,67    0,000042           4         9           mprotect
  3,45    0,000031           2        12           fstat
  0,89    0,000008           4         2           pread64
  0,67    0,000006           3         2         2 access
  0,44    0,000004           1         3           brk
  0,44    0,000004           4         1           arch_prctl
  0,44    0,000004           4         1           rseq
  0,33    0,000003           3         1           set_tid_address
  0,33    0,000003           3         1           set_robust_list
  0,00    0,000000           0         1           write
  0,00    0,000000           0         1           munmap
  0,00    0,000000           0         1         1 ioctl
  0,00    0,000000           0         1           getuid
  0,00    0,000000           0         2         2 statfs
  0,00    0,000000           0         1           fstatfs
  0,00    0,000000           0         4           prctl
  0,00    0,000000           0         1           prlimit64
  0,00    0,000000           0         1           getrandom
------ ----------- ----------- --------- --------- ----------------
100,00    0,000899           6       130        17 total
