% time     seconds  usecs/call     calls    errors syscall
------ ----------- ----------- --------- --------- ----------------
 28,19    0,000365          10        36           mmap
 26,72    0,000346         346         1           execve
 13,13    0,000170           7        24        12 openat
  7,03    0,000091          10         9           mprotect
  5,95    0,000077           6        12           read
  4,32    0,000056           4        12           fstat
  4,17    0,000054           4        12           close
  1,47    0,000019          19         1           munmap
  1,47    0,000019           6         3           brk
  1,31    0,000017           8         2         2 statfs
  1,08    0,000014           3         4           prctl
  0,93    0,000012           6         2         2 access
  0,77    0,000010           5         2           pread64
  0,39    0,000005           5         1           write
  0,39    0,000005           5         1         1 ioctl
  0,39    0,000005           5         1           fstatfs
  0,39    0,000005           5         1           prlimit64
  0,39    0,000005           5         1           getrandom
  0,31    0,000004           4         1           getuid
  0,31    0,000004           4         1           arch_prctl
  0,31    0,000004           4         1           set_tid_address
  0,31    0,000004           4         1           set_robust_list
  0,31    0,000004           4         1           rseq
------ ----------- ----------- --------- --------- ----------------
100,00    0,001295           9       130        17 total
