% time     seconds  usecs/call     calls    errors syscall
------ ----------- ----------- --------- --------- ----------------
 29,76    0,000372          10        36           mmap
 22,88    0,000286         286         1           execve
 14,24    0,000178           7        24        12 openat
  7,36    0,000092          10         9           mprotect
  6,00    0,000075           6        12           read
  4,48    0,000056           4        12           close
  4,40    0,000055           4        12           fstat
  1,60    0,000020          20         1           munmap
  1,44    0,000018           6         3           brk
  1,36    0,000017           8         2         2 statfs
  1,28    0,000016           4         4           prctl
  0,88    0,000011           5         2         2 access
  0,72    0,000009           4         2           pread64
  0,40    0,000005           5         1           write
  0,40    0,000005           5         1         1 ioctl
  0,40    0,000005           5         1           fstatfs
  0,40    0,000005           5         1           arch_prctl
  0,40    0,000005           5         1           getrandom
  0,32    0,000004           4         1           getuid
  0,32    0,000004           4         1           set_tid_address
  0,32    0,000004           4         1           set_robust_list
  0,32    0,000004           4         1           prlimit64
  0,32    0,000004           4         1           rseq
------ ----------- ----------- --------- --------- ----------------
100,00    0,001250           9       130        17 total
