% time     seconds  usecs/call     calls    errors syscall
------ ----------- ----------- --------- --------- ----------------
 38,80    0,000402          11        36           mmap
 34,65    0,000359         359         1           execve
  8,30    0,000086           3        24        12 openat
  3,96    0,000041           3        12           fstat
  3,57    0,000037           3        12           read
  3,57    0,000037           4         9           mprotect
  3,47    0,000036           3        12           close
  0,87    0,000009           4         2           pread64
  0,68    0,000007           3         2         2 access
  0,39    0,000004           1         3           brk
  0,39    0,000004           4         1           arch_prctl
  0,39    0,000004           4         1           set_robust_list
  0,39    0,000004           4         1           rseq
  0,29    0,000003           3         1         1 ioctl
  0,29    0,000003           3         1           set_tid_address
  0,00    0,000000           0         1           write
  0,00    0,000000           0         1           munmap
  0,00    0,000000           0         1           getuid
  0,00    0,000000           0         2         2 statfs
  0,00    0,000000           0         1           fstatfs
  0,00    0,000000           0         4           prctl
  0,00    0,000000           0         1           prlimit64
  0,00    0,000000           0         1           getrandom
------ ----------- ----------- --------- --------- ----------------
100,00    0,001036           7       130        17 total
