% time     seconds  usecs/call     calls    errors syscall
------ ----------- ----------- --------- --------- ----------------
 44,76    0,000111           4        24        12 openat
 16,94    0,000042           3        12           read
  9,27    0,000023           1        12           fstat
  7,26    0,000018           1        12           close
  6,85    0,000017           5         3           brk
  5,65    0,000014           0        36           mmap
  2,82    0,000007           3         2         2 access
  2,42    0,000006           6         1           write
  2,02    0,000005           5         1         1 ioctl
  2,02    0,000005           5         1           getuid
  0,00    0,000000           0         9           mprotect
  0,00    0,000000           0         1           munmap
  0,00    0,000000           0         2           pread64
  0,00    0,000000           0         1           execve
  0,00    0,000000           0         2         2 statfs
  0,00    0,000000           0         1           fstatfs
  0,00    0,000000           0         4           prctl
  0,00    0,000000           0         1           arch_prctl
  0,00    0,000000           0         1           set_tid_address
  0,00    0,000000           0         1           set_robust_list
  0,00    0,000000           0         1           prlimit64
  0,00    0,000000           0         1           getrandom
  0,00    0,000000           0         1           rseq
------ ----------- ----------- --------- --------- ----------------
100,00    0,000248           1       130        17 total
