% time     seconds  usecs/call     calls    errors syscall
------ ----------- ----------- --------- --------- ----------------
 38,67    0,000377          10        36           mmap
 18,56    0,000181           7        24        12 openat
  8,62    0,000084           9         9           mprotect
  8,21    0,000080           6        12           read
  6,15    0,000060           5        12           close
  5,64    0,000055           4        12           fstat
  2,05    0,000020          10         2         2 access
  1,85    0,000018          18         1           munmap
  1,64    0,000016           8         2         2 statfs
  1,64    0,000016           4         4           prctl
  1,23    0,000012           4         3           brk
  1,03    0,000010           5         2           pread64
  0,62    0,000006           6         1           write
  0,62    0,000006           6         1           fstatfs
  0,51    0,000005           5         1         1 ioctl
  0,51    0,000005           5         1           arch_prctl
  0,51    0,000005           5         1           getrandom
  0,41    0,000004           4         1           getuid
  0,41    0,000004           4         1           set_tid_address
  0,41    0,000004           4         1           prlimit64
  0,41    0,000004           4         1           rseq
  0,31    0,000003           3         1           set_robust_list
  0,00    0,000000           0         1           execve
------ ----------- ----------- --------- --------- ----------------
100,00    0,000975           7       130        17 total
