% time     seconds  usecs/call     calls    errors syscall
------ ----------- ----------- --------- --------- ----------------
 72,92    0,000035           1        24        12 openat
 10,42    0,000005           5         1           write
  8,33    0,000004           0        12           fstat
  8,33    0,000004           4         1         1 ioctl
  0,00    0,000000           0        12           read
  0,00    0,000000           0        12           close
  0,00    0,000000           0        36           mmap
  0,00    0,000000           0         9           mprotect
  0,00    0,000000           0         1           munmap
  0,00    0,000000           0         3           brk
  0,00    0,000000           0         2           pread64
  0,00    0,000000           0         2         2 access
  0,00    0,000000           0         1           execve
  0,00    0,000000           0         1           getuid
  0,00    0,000000           0         2         2 statfs
  0,00    0,000000           0         1           fstatfs
  0,00    0,000000           0         4           prctl
  0,00    0,000000           0         1           arch_prctl
  0,00    0,000000           0         1           set_tid_address
  0,00    0,000000           0         1           set_robust_list
  0,00    0,000000           0         1           prlimit64
  0,00    0,000000           0         1           getrandom
  0,00    0,000000           0         1           rseq
------ ----------- ----------- --------- --------- ----------------
100,00    0,000048           0       130        17 total
