% time     seconds  usecs/call     calls    errors syscall
------ ----------- ----------- --------- --------- ----------------
 34,02    0,000279         279         1           execve
 31,71    0,000260           7        36           mmap
 12,44    0,000102           4        24        12 openat
  5,85    0,000048           5         9           mprotect
  4,02    0,000033           2        12           fstat
  3,66    0,000030           2        12           read
  3,41    0,000028           2        12           close
  0,85    0,000007           3         2           pread64
  0,85    0,000007           3         2         2 access
  0,61    0,000005           1         3           brk
  0,49    0,000004           4         1           write
  0,49    0,000004           4         1         1 ioctl
  0,49    0,000004           4         1           arch_prctl
  0,37    0,000003           3         1           set_tid_address
  0,37    0,000003           3         1           set_robust_list
  0,37    0,000003           3         1           rseq
  0,00    0,000000           0         1           munmap
  0,00    0,000000           0         1           getuid
  0,00    0,000000           0         2         2 statfs
  0,00    0,000000           0         1           fstatfs
  0,00    0,000000           0         4           prctl
  0,00    0,000000           0         1           prlimit64
  0,00    0,000000           0         1           getrandom
------ ----------- ----------- --------- --------- ----------------
100,00    0,000820           6       130        17 total
