% time     seconds  usecs/call     calls    errors syscall
------ ----------- ----------- --------- --------- ----------------
 47,02    0,000339           9        36           mmap
 21,64    0,000156           6        24        12 openat
  8,60    0,000062           5        12           read
  6,80    0,000049           4        12           close
  6,66    0,000048           4        12           fstat
  2,36    0,000017           8         2         2 statfs
  1,80    0,000013           4         3           brk
  1,80    0,000013           6         2         2 access
  1,25    0,000009           4         2           pread64
  0,83    0,000006           1         4           prctl
  0,69    0,000005           5         1           getrandom
  0,55    0,000004           4         1           getuid
  0,00    0,000000           0         1           write
  0,00    0,000000           0         9           mprotect
  0,00    0,000000           0         1           munmap
  0,00    0,000000           0         1         1 ioctl
  0,00    0,000000           0         1           execve
  0,00    0,000000           0         1           fstatfs
  0,00    0,000000           0         1           arch_prctl
  0,00    0,000000           0         1           set_tid_address
  0,00    0,000000           0         1           set_robust_list
  0,00    0,000000           0         1           prlimit64
  0,00    0,000000           0         1           rseq
------ ----------- ----------- --------- --------- ----------------
100,00    0,000721           5       130        17 total
