% time     seconds  usecs/call     calls    errors syscall
------ ----------- ----------- --------- --------- ----------------
 39,48    0,000259           7        36           mmap
 16,62    0,000109           4        24        12 openat
 11,28    0,000074           8         9           mprotect
  6,10    0,000040           3        12           read
  5,64    0,000037           3        12           fstat
  5,18    0,000034           2        12           close
  4,88    0,000032          32         1           munmap
  1,52    0,000010           3         3           brk
  1,37    0,000009           4         2         2 statfs
  1,22    0,000008           4         2           pread64
  1,22    0,000008           2         4           prctl
  0,61    0,000004           4         1           write
  0,61    0,000004           4         1           fstatfs
  0,61    0,000004           4         1           prlimit64
  0,46    0,000003           3         1         1 ioctl
  0,46    0,000003           1         2         2 access
  0,46    0,000003           3         1           getuid
  0,46    0,000003           3         1           arch_prctl
  0,46    0,000003           3         1           set_tid_address
  0,46    0,000003           3         1           set_robust_list
  0,46    0,000003           3         1           getrandom
  0,46    0,000003           3         1           rseq
  0,00    0,000000           0         1           execve
------ ----------- ----------- --------- --------- ----------------
100,00    0,000656           5       130        17 total
