% time     seconds  usecs/call     calls    errors syscall
------ ----------- ----------- --------- --------- ----------------
 40,95    0,000344           9        36           mmap
 31,43    0,000264         264         1           execve
  8,33    0,000070           2        24        12 openat
  4,29    0,000036           3        12           read
  4,17    0,000035           2        12           fstat
  4,05    0,000034           2        12           close
  2,50    0,000021           2         9           mprotect
  1,07    0,000009           4         2           pread64
  0,83    0,000007           3         2         2 access
  0,48    0,000004           1         3           brk
  0,48    0,000004           4         1           arch_prctl
  0,48    0,000004           4         1           set_tid_address
  0,48    0,000004           4         1           set_robust_list
  0,48    0,000004           4         1           rseq
  0,00    0,000000           0         1           write
  0,00    0,000000           0         1           munmap
  0,00    0,000000           0         1         1 ioctl
  0,00    0,000000           0         1           getuid
  0,00    0,000000           0         2         2 statfs
  0,00    0,000000           0         1           fstatfs
  0,00    0,000000           0         4           prctl
  0,00    0,000000           0         1           prlimit64
  0,00    0,000000           0         1           getrandom
------ ----------- ----------- --------- --------- ----------------
100,00    0,000840           6       130        17 total
