% time     seconds  usecs/call     calls    errors syscall
------ ----------- ----------- --------- --------- ----------------
 30,94    0,000367           8        41           mmap
 24,54    0,000291         291         1           execve
 13,15    0,000156           3        40        18 openat
  5,06    0,000060           2        28           read
  4,72    0,000056           2        25           close
  4,55    0,000054           2        24           fstat
  3,88    0,000046           4        10           mprotect
  2,78    0,000033          16         2           sendto
  1,77    0,000021           3         7         2 newfstatat
  1,69    0,000020           5         4           recvmsg
  1,26    0,000015           1         9           fcntl
  0,76    0,000009           4         2           pread64
  0,76    0,000009           0        18           prlimit64
  0,51    0,000006           3         2         2 access
  0,51    0,000006           2         3           socket
  0,34    0,000004           1         3           brk
  0,34    0,000004           0         6           prctl
  0,34    0,000004           4         1           arch_prctl
  0,34    0,000004           4         1           set_tid_address
  0,34    0,000004           4         1           set_robust_list
  0,34    0,000004           4         1           rseq
  0,25    0,000003           3         1           write
  0,25    0,000003           1         2           lseek
  0,25    0,000003           3         1           bind
  0,17    0,000002           0         4         1 ioctl
  0,17    0,000002           2         1           getsockname
  0,00    0,000000           0         1           munmap
  0,00    0,000000           0        23           rt_sigaction
  0,00    0,000000           0         1           rt_sigprocmask
  0,00    0,000000           0         1           getpid
  0,00    0,000000           0         2         2 connect
  0,00    0,000000           0         1           uname
  0,00    0,000000           0         1           getcwd
  0,00    0,000000           0         2           umask
  0,00    0,000000           0         1           getuid
  0,00    0,000000           0         1           getgid
  0,00    0,000000           0         2           geteuid
  0,00    0,000000           0         1           getegid
  0,00    0,000000           0         1           getppid
  0,00    0,000000           0         2           getgroups
  0,00    0,000000           0         1           getpgid
  0,00    0,000000           0         1           getsid
  0,00    0,000000           0         2         2 statfs
  0,00    0,000000           0         1           fstatfs
  0,00    0,000000           0         1           getrandom
------ ----------- ----------- --------- --------- ----------------
100,00    0,001186           4       284        27 total
