% time     seconds  usecs/call     calls    errors syscall
------ ----------- ----------- --------- --------- ----------------
 18,11    0,000213           5        41           mmap
 15,82    0,000186           4        40        18 openat
  9,86    0,000116           4        28           read
  8,76    0,000103          10        10           mprotect
  6,72    0,000079           3        25           close
  6,63    0,000078           3        23           rt_sigaction
  6,12    0,000072           3        24           fstat
  5,87    0,000069           3        18           prlimit64
  2,72    0,000032           3         9           fcntl
  1,96    0,000023          11         2         2 connect
  1,53    0,000018          18         1           munmap
  1,53    0,000018           6         3           socket
  1,45    0,000017           4         4         1 ioctl
  1,28    0,000015           2         6           prctl
  1,19    0,000014           7         2         2 statfs
  1,02    0,000012           4         3           brk
  0,85    0,000010           1         7         2 newfstatat
  0,68    0,000008           4         2           pread64
  0,60    0,000007           3         2           lseek
  0,60    0,000007           3         2           geteuid
  0,60    0,000007           3         2           getgroups
  0,51    0,000006           3         2           umask
  0,43    0,000005           2         2         2 access
  0,43    0,000005           5         1           fstatfs
  0,43    0,000005           5         1           getrandom
  0,34    0,000004           4         1           write
  0,34    0,000004           4         1           rt_sigprocmask
  0,34    0,000004           4         1           getpid
  0,34    0,000004           4         1           getcwd
  0,34    0,000004           4         1           getpgid
  0,34    0,000004           4         1           getsid
  0,34    0,000004           4         1           arch_prctl
  0,34    0,000004           4         1           set_robust_list
  0,34    0,000004           4         1           rseq
  0,26    0,000003           3         1           getuid
  0,26    0,000003           3         1           getgid
  0,26    0,000003           3         1           getegid
  0,26    0,000003           3         1           getppid
  0,26    0,000003           3         1           set_tid_address
  0,00    0,000000           0         2           sendto
  0,00    0,000000           0         4           recvmsg
  0,00    0,000000           0         1           bind
  0,00    0,000000           0         1           getsockname
  0,00    0,000000           0         1           execve
  0,00    0,000000           0         1           uname
------ ----------- ----------- --------- --------- ----------------
100,00    0,001176           4       284        27 total
