% time     seconds  usecs/call     calls    errors syscall
------ ----------- ----------- --------- --------- ----------------
 22,81    0,000380           9        41           mmap
 18,07    0,000301         301         1           execve
 10,50    0,000175           4        40        18 openat
  7,32    0,000122           4        28           read
  6,36    0,000106          10        10           mprotect
  5,34    0,000089           3        25           close
  5,10    0,000085           3        24           fstat
  4,44    0,000074           3        23           rt_sigaction
  3,84    0,000064           3        18           prlimit64
  1,86    0,000031           3         9           fcntl
  1,50    0,000025           3         7         2 newfstatat
  1,44    0,000024          12         2         2 connect
  1,20    0,000020          20         1           munmap
  1,20    0,000020           6         3           socket
  0,96    0,000016           8         2         2 statfs
  0,96    0,000016           2         6           prctl
  0,90    0,000015           5         3           brk
  0,78    0,000013           3         4         1 ioctl
  0,66    0,000011           5         2         2 access
  0,54    0,000009           4         2           pread64
  0,54    0,000009           9         1           getrandom
  0,48    0,000008           8         1           arch_prctl
  0,42    0,000007           3         2           lseek
  0,42    0,000007           3         2           geteuid
  0,30    0,000005           5         1           fstatfs
  0,24    0,000004           4         1           getpid
  0,24    0,000004           4         1           getgid
  0,24    0,000004           4         1           getppid
  0,24    0,000004           4         1           getpgid
  0,18    0,000003           3         1           rt_sigprocmask
  0,18    0,000003           3         1           getuid
  0,18    0,000003           3         1           getegid
  0,18    0,000003           3         1           getsid
  0,18    0,000003           3         1           set_robust_list
  0,18    0,000003           3         1           rseq
  0,00    0,000000           0         1           write
  0,00    0,000000           0         2           sendto
  0,00    0,000000           0         4           recvmsg
  0,00    0,000000           0         1           bind
  0,00    0,000000           0         1           getsockname
  0,00    0,000000           0         1           uname
  0,00    0,000000           0         1           getcwd
  0,00    0,000000           0         2           umask
  0,00    0,000000           0         2           getgroups
  0,00    0,000000           0         1           set_tid_address
------ ----------- ----------- --------- --------- ----------------
100,00    0,001666           5       284        27 total
