% time     seconds  usecs/call     calls    errors syscall
------ ----------- ----------- --------- --------- ----------------
 16,53    0,000216           5        40        18 openat
  9,64    0,000126           4        28           read
  9,56    0,000125           3        41           mmap
  8,11    0,000106          10        10           mprotect
  7,65    0,000100           4        25           close
  5,89    0,000077           3        23           rt_sigaction
  5,59    0,000073           3        24           fstat
  4,82    0,000063           3        18           prlimit64
  4,13    0,000054          27         2           sendto
  2,83    0,000037           9         4           recvmsg
  2,83    0,000037           4         9           fcntl
  2,37    0,000031          10         3           socket
  2,07    0,000027          13         2         2 connect
  1,84    0,000024           4         6           prctl
  1,76    0,000023           3         7         2 newfstatat
  1,53    0,000020          20         1           munmap
  1,38    0,000018           4         4         1 ioctl
  1,15    0,000015           7         2         2 statfs
  0,99    0,000013          13         1           write
  0,84    0,000011           3         3           brk
  0,61    0,000008           4         2           lseek
  0,61    0,000008           4         2           getgroups
  0,54    0,000007           3         2           umask
  0,54    0,000007           3         2           geteuid
  0,46    0,000006           3         2         2 access
  0,46    0,000006           6         1           bind
  0,46    0,000006           6         1           getcwd
  0,38    0,000005           5         1           fstatfs
  0,38    0,000005           5         1           getrandom
  0,31    0,000004           4         1           rt_sigprocmask
  0,31    0,000004           4         1           getsockname
  0,31    0,000004           4         1           uname
  0,31    0,000004           4         1           getuid
  0,31    0,000004           4         1           getegid
  0,31    0,000004           4         1           getppid
  0,31    0,000004           4         1           getpgid
  0,31    0,000004           4         1           getsid
  0,31    0,000004           4         1           arch_prctl
  0,31    0,000004           4         1           set_robust_list
  0,31    0,000004           4         1           rseq
  0,23    0,000003           3         1           getpid
  0,23    0,000003           3         1           getgid
  0,23    0,000003           3         1           set_tid_address
  0,00    0,000000           0         2           pread64
  0,00    0,000000           0         1           execve
------ ----------- ----------- --------- --------- ----------------
100,00    0,001307           4       284        27 total
