% time     seconds  usecs/call     calls    errors syscall
------ ----------- ----------- --------- --------- ----------------
 21,83    0,000279           6        41           mmap
 16,12    0,000206           5        40        18 openat
  9,15    0,000117           4        28           read
  7,75    0,000099           3        25           close
  6,42    0,000082           3        24           fstat
  6,34    0,000081           3        23           rt_sigaction
  5,16    0,000066           3        18           prlimit64
  3,36    0,000043          21         2           sendto
  2,58    0,000033          11         3           socket
  2,50    0,000032           3         9           fcntl
  2,43    0,000031           3        10           mprotect
  2,27    0,000029          14         2         2 connect
  2,03    0,000026           3         7         2 newfstatat
  1,64    0,000021           5         4           recvmsg
  1,41    0,000018           4         4         1 ioctl
  1,10    0,000014          14         1           getgid
  0,70    0,000009           4         2           lseek
  0,55    0,000007           3         2           pread64
  0,55    0,000007           3         2           umask
  0,55    0,000007           3         2           geteuid
  0,55    0,000007           3         2           getgroups
  0,55    0,000007           1         6           prctl
  0,47    0,000006           6         1           bind
  0,39    0,000005           5         1           getcwd
  0,39    0,000005           5         1           getegid
  0,31    0,000004           4         1           rt_sigprocmask
  0,31    0,000004           4         1           getpid
  0,31    0,000004           4         1           getsockname
  0,31    0,000004           4         1           uname
  0,31    0,000004           4         1           getuid
  0,31    0,000004           4         1           getppid
  0,31    0,000004           4         1           getpgid
  0,31    0,000004           4         1           getsid
  0,23    0,000003           3         1           write
  0,16    0,000002           2         1           set_tid_address
  0,16    0,000002           2         1           rseq
  0,08    0,000001           1         1           arch_prctl
  0,08    0,000001           1         1           set_robust_list
  0,00    0,000000           0         1           munmap
  0,00    0,000000           0         3           brk
  0,00    0,000000           0         2         2 access
  0,00    0,000000           0         1           execve
  0,00    0,000000           0         2         2 statfs
  0,00    0,000000           0         1           fstatfs
  0,00    0,000000           0         1           getrandom
------ ----------- ----------- --------- --------- ----------------
100,00    0,001278           4       284        27 total
