% time     seconds  usecs/call     calls    errors syscall
------ ----------- ----------- --------- --------- ----------------
 25,27    0,000425          10        41           mmap
 16,83    0,000283         283         1           execve
 14,74    0,000248           6        40        18 openat
  6,06    0,000102           3        28           read
  5,71    0,000096           3        25           close
  4,16    0,000070           2        24           fstat
  4,04    0,000068           6        10           mprotect
  2,97    0,000050          25         2           sendto
  2,32    0,000039           1        23           rt_sigaction
  2,26    0,000038           5         7         2 newfstatat
  2,20    0,000037          18         2           umask
  2,14    0,000036           9         4           recvmsg
  1,72    0,000029           9         3           socket
  1,61    0,000027          13         2         2 connect
  1,07    0,000018           4         4         1 ioctl
  0,48    0,000008           4         2           pread64
  0,48    0,000008           8         1           getcwd
  0,42    0,000007           0         9           fcntl
  0,42    0,000007           1         6           prctl
  0,42    0,000007           0        18           prlimit64
  0,36    0,000006           6         1           write
  0,36    0,000006           3         2         2 access
  0,36    0,000006           6         1           bind
  0,36    0,000006           3         2           getgroups
  0,24    0,000004           4         1           uname
  0,24    0,000004           2         2           geteuid
  0,24    0,000004           4         1           set_robust_list
  0,24    0,000004           4         1           rseq
  0,18    0,000003           1         2           lseek
  0,18    0,000003           1         3           brk
  0,18    0,000003           3         1           rt_sigprocmask
  0,18    0,000003           3         1           getpid
  0,18    0,000003           3         1           getsockname
  0,18    0,000003           3         1           getuid
  0,18    0,000003           3         1           getgid
  0,18    0,000003           3         1           getegid
  0,18    0,000003           3         1           getppid
  0,18    0,000003           3         1           getpgid
  0,18    0,000003           3         1           getsid
  0,18    0,000003           3         1           arch_prctl
  0,18    0,000003           3         1           set_tid_address
  0,00    0,000000           0         1           munmap
  0,00    0,000000           0         2         2 statfs
  0,00    0,000000           0         1           fstatfs
  0,00    0,000000           0         1           getrandom
------ ----------- ----------- --------- --------- ----------------
100,00    0,001682           5       284        27 total
