% time     seconds  usecs/call     calls    errors syscall
------ ----------- ----------- --------- --------- ----------------
 21,93    0,000381           9        41           mmap
 14,62    0,000254           6        40        18 openat
 14,28    0,000248           8        28           read
  7,37    0,000128           5        25           close
  6,10    0,000106          10        10           mprotect
  5,12    0,000089           3        24           fstat
  4,55    0,000079           3        23           rt_sigaction
  3,51    0,000061           3        18           prlimit64
  2,30    0,000040          20         2           sendto
  1,90    0,000033          11         3           socket
  1,84    0,000032           3         9           fcntl
  1,73    0,000030           4         7         2 newfstatat
  1,67    0,000029           7         4           recvmsg
  1,50    0,000026          13         2         2 connect
  1,09    0,000019           3         6           prctl
  1,04    0,000018          18         1           munmap
  1,04    0,000018           4         4         1 ioctl
  0,92    0,000016           8         2         2 statfs
  0,63    0,000011           3         3           brk
  0,58    0,000010           5         2           pread64
  0,46    0,000008           4         2           umask
  0,40    0,000007           3         2           lseek
  0,40    0,000007           3         2           geteuid
  0,40    0,000007           3         2           getgroups
  0,35    0,000006           6         1           bind
  0,29    0,000005           2         2         2 access
  0,29    0,000005           5         1           getcwd
  0,29    0,000005           5         1           arch_prctl
  0,29    0,000005           5         1           getrandom
  0,23    0,000004           4         1           write
  0,23    0,000004           4         1           getpid
  0,23    0,000004           4         1           uname
  0,23    0,000004           4         1           getegid
  0,23    0,000004           4         1           getpgid
  0,23    0,000004           4         1           getsid
  0,23    0,000004           4         1           fstatfs
  0,23    0,000004           4         1           set_robust_list
  0,23    0,000004           4         1           rseq
  0,17    0,000003           3         1           rt_sigprocmask
  0,17    0,000003           3         1           getsockname
  0,17    0,000003           3         1           getuid
  0,17    0,000003           3         1           getgid
  0,17    0,000003           3         1           getppid
  0,17    0,000003           3         1           set_tid_address
  0,00    0,000000           0         1           execve
------ ----------- ----------- --------- --------- ----------------
100,00    0,001737           6       284        27 total
