% time     seconds  usecs/call     calls    errors syscall
------ ----------- ----------- --------- --------- ----------------
 20,64    0,000376           9        41           mmap
 18,22    0,000332           8        40        18 openat
  8,89    0,000162           5        28           read
  6,92    0,000126           5        25           close
  6,04    0,000110          11        10           mprotect
  5,65    0,000103           4        24           fstat
  4,56    0,000083           3        23           rt_sigaction
  3,90    0,000071           3        18           prlimit64
  3,35    0,000061          30         2           sendto
  2,20    0,000040          10         4           recvmsg
  2,14    0,000039           5         7         2 newfstatat
  1,98    0,000036           4         9           fcntl
  1,65    0,000030          10         3           socket
  1,54    0,000028          14         2         2 connect
  1,32    0,000024           4         6           prctl
  1,21    0,000022          22         1           munmap
  0,99    0,000018           4         4         1 ioctl
  0,93    0,000017           8         2         2 statfs
  0,66    0,000012           4         3           brk
  0,66    0,000012           6         2         2 access
  0,55    0,000010           5         2           pread64
  0,44    0,000008           4         2           lseek
  0,44    0,000008           4         2           getgroups
  0,38    0,000007           7         1           bind
  0,38    0,000007           3         2           umask
  0,38    0,000007           3         2           geteuid
  0,33    0,000006           6         1           fstatfs
  0,27    0,000005           5         1           write
  0,27    0,000005           5         1           getsockname
  0,27    0,000005           5         1           getcwd
  0,22    0,000004           4         1           rt_sigprocmask
  0,22    0,000004           4         1           getpid
  0,22    0,000004           4         1           uname
  0,22    0,000004           4         1           getuid
  0,22    0,000004           4         1           getgid
  0,22    0,000004           4         1           getppid
  0,22    0,000004           4         1           getpgid
  0,22    0,000004           4         1           arch_prctl
  0,22    0,000004           4         1           getrandom
  0,22    0,000004           4         1           rseq
  0,16    0,000003           3         1           getegid
  0,16    0,000003           3         1           getsid
  0,16    0,000003           3         1           set_tid_address
  0,16    0,000003           3         1           set_robust_list
  0,00    0,000000           0         1           execve
------ ----------- ----------- --------- --------- ----------------
100,00    0,001822           6       284        27 total
