% time     seconds  usecs/call     calls    errors syscall
------ ----------- ----------- --------- --------- ----------------
 20,32    0,000390           9        41           mmap
 15,58    0,000299         299         1           execve
 14,38    0,000276           6        40        18 openat
  7,82    0,000150           5        28           read
  6,20    0,000119           4        25           close
  5,05    0,000097           4        24           fstat
  3,96    0,000076           3        23           rt_sigaction
  3,49    0,000067           7         9           fcntl
  3,13    0,000060           3        18           prlimit64
  2,34    0,000045          22         2           sendto
  1,93    0,000037           5         7         2 newfstatat
  1,51    0,000029           9         3           socket
  1,51    0,000029           7         4           recvmsg
  1,41    0,000027          13         2         2 connect
  1,04    0,000020           3         6           prctl
  0,94    0,000018          18         1           munmap
  0,89    0,000017           4         4         1 ioctl
  0,78    0,000015           1        10           mprotect
  0,73    0,000014           4         3           brk
  0,73    0,000014           7         2         2 statfs
  0,57    0,000011           5         2         2 access
  0,42    0,000008           4         2           lseek
  0,42    0,000008           4         2           pread64
  0,36    0,000007           3         2           umask
  0,36    0,000007           3         2           geteuid
  0,36    0,000007           3         2           getgroups
  0,31    0,000006           6         1           bind
  0,26    0,000005           5         1           getcwd
  0,21    0,000004           4         1           write
  0,21    0,000004           4         1           getsockname
  0,21    0,000004           4         1           uname
  0,21    0,000004           4         1           getpgid
  0,21    0,000004           4         1           fstatfs
  0,21    0,000004           4         1           arch_prctl
  0,21    0,000004           4         1           set_tid_address
  0,21    0,000004           4         1           set_robust_list
  0,21    0,000004           4         1           getrandom
  0,21    0,000004           4         1           rseq
  0,16    0,000003           3         1           rt_sigprocmask
  0,16    0,000003           3         1           getpid
  0,16    0,000003           3         1           getuid
  0,16    0,000003           3         1           getgid
  0,16    0,000003           3         1           getegid
  0,16    0,000003           3         1           getppid
  0,16    0,000003           3         1           getsid
------ ----------- ----------- --------- --------- ----------------
100,00    0,001919           6       284        27 total
