% time     seconds  usecs/call     calls    errors syscall
------ ----------- ----------- --------- --------- ----------------
 16,47    0,000250           6        41           mmap
 15,88    0,000241           6        40        18 openat
  9,95    0,000151           5        28           read
  7,91    0,000120           4        25           close
  6,79    0,000103          10        10           mprotect
  5,53    0,000084           3        24           fstat
  5,27    0,000080           3        23           rt_sigaction
  4,48    0,000068           3        18           prlimit64
  3,49    0,000053          26         2           sendto
  2,37    0,000036           9         4           recvmsg
  2,11    0,000032           3         9           fcntl
  1,98    0,000030          10         3           socket
  1,71    0,000026          13         2         2 connect
  1,71    0,000026           3         7         2 newfstatat
  1,52    0,000023           3         6           prctl
  1,25    0,000019          19         1           munmap
  1,12    0,000017           4         4         1 ioctl
  0,99    0,000015          15         1           getcwd
  0,92    0,000014           7         2         2 statfs
  0,72    0,000011           3         3           brk
  0,53    0,000008           4         2           lseek
  0,53    0,000008           4         2           pread64
  0,53    0,000008           4         2           umask
  0,46    0,000007           3         2           geteuid
  0,46    0,000007           3         2           getgroups
  0,40    0,000006           6         1           write
  0,40    0,000006           3         2         2 access
  0,40    0,000006           6         1           bind
  0,33    0,000005           5         1           getsockname
  0,33    0,000005           5         1           fstatfs
  0,33    0,000005           5         1           getrandom
  0,26    0,000004           4         1           getpid
  0,26    0,000004           4         1           uname
  0,26    0,000004           4         1           getuid
  0,26    0,000004           4         1           getgid
  0,26    0,000004           4         1           getppid
  0,26    0,000004           4         1           getpgid
  0,26    0,000004           4         1           arch_prctl
  0,26    0,000004           4         1           set_tid_address
  0,26    0,000004           4         1           rseq
  0,20    0,000003           3         1           rt_sigprocmask
  0,20    0,000003           3         1           getegid
  0,20    0,000003           3         1           getsid
  0,20    0,000003           3         1           set_robust_list
  0,00    0,000000           0         1           execve
------ ----------- ----------- --------- --------- ----------------
100,00    0,001518           5       284        27 total
