% time     seconds  usecs/call     calls    errors syscall
------ ----------- ----------- --------- --------- ----------------
 21,48    0,000342           8        41           mmap
 16,83    0,000268         268         1           execve
 14,57    0,000232           5        40        18 openat
  6,85    0,000109           3        28           read
  6,28    0,000100           4        25           close
  4,96    0,000079           3        24           fstat
  3,83    0,000061           6        10           mprotect
  3,64    0,000058           2        23           rt_sigaction
  3,39    0,000054          27         2           sendto
  2,32    0,000037           9         4           recvmsg
  2,26    0,000036           5         7         2 newfstatat
  1,88    0,000030          10         3           socket
  1,88    0,000030          15         2         2 connect
  0,88    0,000014           1         9           fcntl
  0,75    0,000012           3         4         1 ioctl
  0,69    0,000011           5         2           pread64
  0,63    0,000010           0        18           prlimit64
  0,50    0,000008           4         2           getgroups
  0,44    0,000007           3         2           lseek
  0,44    0,000007           3         2           umask
  0,44    0,000007           7         1           getegid
  0,44    0,000007           1         6           prctl
  0,38    0,000006           6         1           bind
  0,38    0,000006           3         2           geteuid
  0,31    0,000005           2         2         2 access
  0,31    0,000005           5         1           getsockname
  0,31    0,000005           5         1           getcwd
  0,31    0,000005           5         1           arch_prctl
  0,31    0,000005           5         1           set_tid_address
  0,25    0,000004           4         1           write
  0,25    0,000004           4         1           uname
  0,25    0,000004           4         1           set_robust_list
  0,25    0,000004           4         1           rseq
  0,19    0,000003           1         3           brk
  0,19    0,000003           3         1           getpid
  0,19    0,000003           3         1           getuid
  0,19    0,000003           3         1           getppid
  0,13    0,000002           2         1           rt_sigprocmask
  0,13    0,000002           2         1           getgid
  0,13    0,000002           2         1           getpgid
  0,13    0,000002           2         1           getsid
  0,00    0,000000           0         1           munmap
  0,00    0,000000           0         2         2 statfs
  0,00    0,000000           0         1           fstatfs
  0,00    0,000000           0         1           getrandom
------ ----------- ----------- --------- --------- ----------------
100,00    0,001592           5       284        27 total
