% time     seconds  usecs/call     calls    errors syscall
------ ----------- ----------- --------- --------- ----------------
 33,69    0,000063           7         8           mmap
 13,90    0,000026           8         3           mprotect
  8,56    0,000016          16         1           munmap
  8,02    0,000015           7         2           openat
  4,81    0,000009           3         3           fstat
  4,81    0,000009           3         3           brk
  4,28    0,000008           4         2           pread64
  2,67    0,000005           5         1           read
  2,67    0,000005           5         1           write
  2,14    0,000004           2         2           close
  2,14    0,000004           4         1         1 ioctl
  2,14    0,000004           4         1           set_tid_address
  2,14    0,000004           4         1           set_robust_list
  2,14    0,000004           4         1           prlimit64
  2,14    0,000004           4         1           getrandom
  2,14    0,000004           4         1           rseq
  1,60    0,000003           3         1           arch_prctl
  0,00    0,000000           0         1         1 access
  0,00    0,000000           0         1           execve
------ ----------- ----------- --------- --------- ----------------
100,00    0,000187           5        35         2 total
