% time     seconds  usecs/call     calls    errors syscall
------ ----------- ----------- --------- --------- ----------------
 30,77    0,000008           2         3           brk
 26,92    0,000007           2         3           fstat
 23,08    0,000006           6         1           write
 19,23    0,000005           5         1         1 ioctl
  0,00    0,000000           0         1           read
  0,00    0,000000           0         2           close
  0,00    0,000000           0         8           mmap
  0,00    0,000000           0         3           mprotect
  0,00    0,000000           0         1           munmap
  0,00    0,000000           0         2           pread64
  0,00    0,000000           0         1         1 access
  0,00    0,000000           0         1           execve
  0,00    0,000000           0         1           arch_prctl
  0,00    0,000000           0         1           set_tid_address
  0,00    0,000000           0         2           openat
  0,00    0,000000           0         1           set_robust_list
  0,00    0,000000           0         1           prlimit64
  0,00    0,000000           0         1           getrandom
  0,00    0,000000           0         1           rseq
------ ----------- ----------- --------- --------- ----------------
100,00    0,000026           0        35         2 total
