% time     seconds  usecs/call     calls    errors syscall
------ ----------- ----------- --------- --------- ----------------
 36,73    0,000346           9        36           mmap
 31,85    0,000300         300         1           execve
  9,34    0,000088           4        19           openat
  5,10    0,000048           2        21           close
  4,88    0,000046           2        20           read
  4,25    0,000040           2        20           fstat
  1,80    0,000017           8         2         2 connect
  1,27    0,000012           6         2           socket
  0,96    0,000009           1         6           newfstatat
  0,74    0,000007           3         2           pread64
  0,64    0,000006           3         2         2 access
  0,42    0,000004           4         1           arch_prctl
  0,42    0,000004           4         1           rseq
  0,32    0,000003           0         6           lseek
  0,32    0,000003           1         3           brk
  0,32    0,000003           1         2           getuid
  0,32    0,000003           3         1           set_tid_address
  0,32    0,000003           3         1           set_robust_list
  0,00    0,000000           0         1           write
  0,00    0,000000           0         9           mprotect
  0,00    0,000000           0         1           munmap
  0,00    0,000000           0         1         1 ioctl
  0,00    0,000000           0         2         2 statfs
  0,00    0,000000           0         1           fstatfs
  0,00    0,000000           0         4           prctl
  0,00    0,000000           0         1           prlimit64
  0,00    0,000000           0         1           getrandom
------ ----------- ----------- --------- --------- ----------------
100,00    0,000942           5       167         7 total
