% time     seconds  usecs/call     calls    errors syscall
------ ----------- ----------- --------- --------- ----------------
  0,00    0,000000           0        20           read
  0,00    0,000000           0         1           write
  0,00    0,000000           0        21           close
  0,00    0,000000           0        20           fstat
  0,00    0,000000           0         6           lseek
  0,00    0,000000           0        36           mmap
  0,00    0,000000           0         9           mprotect
  0,00    0,000000           0         1           munmap
  0,00    0,000000           0         3           brk
  0,00    0,000000           0         1         1 ioctl
  0,00    0,000000           0         2           pread64
  0,00    0,000000           0         2         2 access
  0,00    0,000000           0         2           socket
  0,00    0,000000           0         2         2 connect
  0,00    0,000000           0         1           execve
  0,00    0,000000           0         2           getuid
  0,00    0,000000           0         2         2 statfs
  0,00    0,000000           0         1           fstatfs
  0,00    0,000000           0         4           prctl
  0,00    0,000000           0         1           arch_prctl
  0,00    0,000000           0         1           set_tid_address
  0,00    0,000000           0        19           openat
  0,00    0,000000           0         6           newfstatat
  0,00    0,000000           0         1           set_robust_list
  0,00    0,000000           0         1           prlimit64
  0,00    0,000000           0         1           getrandom
  0,00    0,000000           0         1           rseq
------ ----------- ----------- --------- --------- ----------------
100,00    0,000000           0       167         7 total
