% time     seconds  usecs/call     calls    errors syscall
------ ----------- ----------- --------- --------- ----------------
 24,31    0,000353           9        36           mmap
 22,45    0,000326         326         1           execve
 11,64    0,000169           8        19           openat
  7,78    0,000113           5        20           read
  6,75    0,000098           4        21           close
  5,92    0,000086           4        20           fstat
  5,58    0,000081           9         9           mprotect
  2,27    0,000033           5         6           newfstatat
  1,86    0,000027          13         2         2 connect
  1,58    0,000023           3         6           lseek
  1,31    0,000019           9         2           socket
  1,24    0,000018          18         1           munmap
  1,03    0,000015           3         4           prctl
  0,96    0,000014           7         2         2 statfs
  0,90    0,000013           4         3           brk
  0,76    0,000011           5         2         2 access
  0,55    0,000008           4         2           getuid
  0,48    0,000007           3         2           pread64
  0,34    0,000005           5         1           write
  0,34    0,000005           5         1           fstatfs
  0,28    0,000004           4         1         1 ioctl
  0,28    0,000004           4         1           arch_prctl
  0,28    0,000004           4         1           set_tid_address
  0,28    0,000004           4         1           set_robust_list
  0,28    0,000004           4         1           prlimit64
  0,28    0,000004           4         1           getrandom
  0,28    0,000004           4         1           rseq
------ ----------- ----------- --------- --------- ----------------
100,00    0,001452           8       167         7 total
