% time     seconds  usecs/call     calls    errors syscall
------ ----------- ----------- --------- --------- ----------------
 23,38    0,000322           8        36           mmap
 19,61    0,000270         270         1           execve
 12,13    0,000167           8        19           openat
  8,21    0,000113           5        20           read
  7,55    0,000104           4        21           close
  6,10    0,000084           4        20           fstat
  5,16    0,000071           7         9           mprotect
  2,98    0,000041           6         6           newfstatat
  2,11    0,000029          14         2         2 connect
  1,96    0,000027           4         6           lseek
  1,60    0,000022          11         2           socket
  1,23    0,000017          17         1           munmap
  1,16    0,000016           5         3           brk
  1,16    0,000016           8         2         2 statfs
  1,02    0,000014           3         4           prctl
  0,87    0,000012           6         2         2 access
  0,58    0,000008           4         2           getuid
  0,51    0,000007           3         2           pread64
  0,44    0,000006           6         1           write
  0,36    0,000005           5         1         1 ioctl
  0,36    0,000005           5         1           fstatfs
  0,36    0,000005           5         1           getrandom
  0,29    0,000004           4         1           prlimit64
  0,22    0,000003           3         1           arch_prctl
  0,22    0,000003           3         1           set_tid_address
  0,22    0,000003           3         1           set_robust_list
  0,22    0,000003           3         1           rseq
------ ----------- ----------- --------- --------- ----------------
100,00    0,001377           8       167         7 total
