% time     seconds  usecs/call     calls    errors syscall
------ ----------- ----------- --------- --------- ----------------
 30,37    0,000341           9        36           mmap
 15,05    0,000169           8        19           openat
  9,88    0,000111           5        20           read
  9,44    0,000106           5        21           close
  7,39    0,000083           4        20           fstat
  7,39    0,000083           9         9           mprotect
  2,85    0,000032           5         6           newfstatat
  2,40    0,000027          13         2         2 connect
  1,96    0,000022           3         6           lseek
  1,60    0,000018           9         2           socket
  1,51    0,000017           8         2         2 access
  1,42    0,000016          16         1           munmap
  1,34    0,000015           7         2         2 statfs
  1,25    0,000014           3         4           prctl
  1,16    0,000013           4         3           brk
  0,89    0,000010           5         2           pread64
  0,71    0,000008           4         2           getuid
  0,45    0,000005           5         1           write
  0,45    0,000005           5         1           fstatfs
  0,45    0,000005           5         1           getrandom
  0,36    0,000004           4         1         1 ioctl
  0,36    0,000004           4         1           arch_prctl
  0,36    0,000004           4         1           set_tid_address
  0,36    0,000004           4         1           prlimit64
  0,36    0,000004           4         1           rseq
  0,27    0,000003           3         1           set_robust_list
  0,00    0,000000           0         1           execve
------ ----------- ----------- --------- --------- ----------------
100,00    0,001123           6       167         7 total
