% time     seconds  usecs/call     calls    errors syscall
------ ----------- ----------- --------- --------- ----------------
 31,53    0,000333           9        36           mmap
 15,25    0,000161           8        19           openat
  8,90    0,000094           4        20           read
  8,81    0,000093           4        21           close
  7,48    0,000079           8         9           mprotect
  7,20    0,000076           3        20           fstat
  3,31    0,000035           5         6           newfstatat
  2,37    0,000025          12         2         2 connect
  1,70    0,000018           3         6           lseek
  1,70    0,000018           6         3           brk
  1,70    0,000018           9         2           socket
  1,61    0,000017          17         1           munmap
  1,52    0,000016           8         2         2 statfs
  1,52    0,000016           4         4           prctl
  1,04    0,000011           5         2         2 access
  0,85    0,000009           4         2           pread64
  0,76    0,000008           4         2           getuid
  0,47    0,000005           5         1           fstatfs
  0,47    0,000005           5         1           getrandom
  0,38    0,000004           4         1           arch_prctl
  0,38    0,000004           4         1           set_robust_list
  0,38    0,000004           4         1           prlimit64
  0,38    0,000004           4         1           rseq
  0,28    0,000003           3         1           set_tid_address
  0,00    0,000000           0         1           write
  0,00    0,000000           0         1         1 ioctl
  0,00    0,000000           0         1           execve
------ ----------- ----------- --------- --------- ----------------
100,00    0,001056           6       167         7 total
