% time     seconds  usecs/call     calls    errors syscall
------ ----------- ----------- --------- --------- ----------------
 28,65    0,000153           4        36           mmap
 13,67    0,000073           3        20           read
 12,92    0,000069           3        19           openat
  8,24    0,000044           2        21           close
  8,05    0,000043           4         9           mprotect
  6,37    0,000034           1        20           fstat
  3,75    0,000020           3         6           newfstatat
  2,81    0,000015          15         1           munmap
  2,43    0,000013           6         2         2 connect
  1,69    0,000009           1         6           lseek
  1,69    0,000009           4         2           socket
  1,50    0,000008           4         2         2 statfs
  1,50    0,000008           2         4           prctl
  1,12    0,000006           2         3           brk
  0,75    0,000004           2         2           pread64
  0,75    0,000004           2         2           getuid
  0,56    0,000003           1         2         2 access
  0,56    0,000003           3         1           fstatfs
  0,56    0,000003           3         1           getrandom
  0,37    0,000002           2         1           write
  0,37    0,000002           2         1         1 ioctl
  0,37    0,000002           2         1           arch_prctl
  0,37    0,000002           2         1           set_tid_address
  0,37    0,000002           2         1           prlimit64
  0,37    0,000002           2         1           rseq
  0,19    0,000001           1         1           set_robust_list
  0,00    0,000000           0         1           execve
------ ----------- ----------- --------- --------- ----------------
100,00    0,000534           3       167         7 total
