% time     seconds  usecs/call     calls    errors syscall
------ ----------- ----------- --------- --------- ----------------
 38,53    0,000324           9        36           mmap
 19,02    0,000160           6        24        12 openat
  9,27    0,000078           8         9           mprotect
  7,97    0,000067           5        12           read
  5,71    0,000048           4        12           fstat
  5,35    0,000045           3        12           close
  2,14    0,000018          18         1           munmap
  1,90    0,000016           5         3           brk
  1,78    0,000015           7         2         2 statfs
  1,66    0,000014           3         4           prctl
  1,31    0,000011           5         2         2 access
  0,83    0,000007           3         2           pread64
  0,59    0,000005           5         1           write
  0,59    0,000005           5         1           fstatfs
  0,48    0,000004           4         1         1 ioctl
  0,48    0,000004           4         1           arch_prctl
  0,48    0,000004           4         1           prlimit64
  0,48    0,000004           4         1           getrandom
  0,36    0,000003           3         1           getuid
  0,36    0,000003           3         1           set_tid_address
  0,36    0,000003           3         1           set_robust_list
  0,36    0,000003           3         1           rseq
  0,00    0,000000           0         1           execve
------ ----------- ----------- --------- --------- ----------------
100,00    0,000841           6       130        17 total
