% time     seconds  usecs/call     calls    errors syscall
------ ----------- ----------- --------- --------- ----------------
 17,65    0,000093           4        19           openat
 13,47    0,000071           3        20           read
 11,95    0,000063           3        21           close
 11,01    0,000058           6         9           mprotect
  9,11    0,000048           2        20           fstat
  6,07    0,000032           5         6           newfstatat
  4,55    0,000024          12         2         2 connect
  4,17    0,000022           3         6           lseek
  3,04    0,000016          16         1           munmap
  3,04    0,000016           8         2           socket
  2,85    0,000015           7         2         2 statfs
  2,66    0,000014           3         4           prctl
  2,09    0,000011           3         3           brk
  1,90    0,000010           0        36           mmap
  1,14    0,000006           6         1           write
  1,14    0,000006           3         2           getuid
  0,95    0,000005           2         2         2 access
  0,95    0,000005           5         1           getrandom
  0,76    0,000004           4         1         1 ioctl
  0,76    0,000004           4         1           fstatfs
  0,76    0,000004           4         1           prlimit64
  0,00    0,000000           0         2           pread64
  0,00    0,000000           0         1           execve
  0,00    0,000000           0         1           arch_prctl
  0,00    0,000000           0         1           set_tid_address
  0,00    0,000000           0         1           set_robust_list
  0,00    0,000000           0         1           rseq
------ ----------- ----------- --------- --------- ----------------
100,00    0,000527           3       167         7 total
