% time     seconds  usecs/call     calls    errors syscall
------ ----------- ----------- --------- --------- ----------------
 37,84    0,000336           9        36           mmap
 35,02    0,000311         311         1           execve
  8,90    0,000079           3        24        12 openat
  3,94    0,000035           2        12           read
  3,72    0,000033           2        12           fstat
  3,49    0,000031           2        12           close
  3,38    0,000030           3         9           mprotect
  0,90    0,000008           4         2           pread64
  0,68    0,000006           3         2         2 access
  0,56    0,000005           1         3           brk
  0,45    0,000004           4         1           arch_prctl
  0,45    0,000004           4         1           rseq
  0,34    0,000003           3         1           set_tid_address
  0,34    0,000003           3         1           set_robust_list
  0,00    0,000000           0         1           write
  0,00    0,000000           0         1           munmap
  0,00    0,000000           0         1         1 ioctl
  0,00    0,000000           0         1           getuid
  0,00    0,000000           0         2         2 statfs
  0,00    0,000000           0         1           fstatfs
  0,00    0,000000           0         4           prctl
  0,00    0,000000           0         1           prlimit64
  0,00    0,000000           0         1           getrandom
------ ----------- ----------- --------- --------- ----------------
100,00    0,000888           6       130        17 total
