% time     seconds  usecs/call     calls    errors syscall
------ ----------- ----------- --------- --------- ----------------
 48,38    0,000374          10        36           mmap
 16,04    0,000124           5        24        12 openat
 11,38    0,000088           9         9           mprotect
  7,50    0,000058           4        12           read
  5,69    0,000044           3        12           fstat
  5,05    0,000039           3        12           close
  1,16    0,000009           4         2           pread64
  0,91    0,000007           3         2         2 access
  0,65    0,000005           5         1           arch_prctl
  0,65    0,000005           5         1           set_robust_list
  0,65    0,000005           5         1           prlimit64
  0,52    0,000004           4         1           write
  0,52    0,000004           4         1           set_tid_address
  0,52    0,000004           4         1           rseq
  0,39    0,000003           3         1         1 ioctl
  0,00    0,000000           0         1           munmap
  0,00    0,000000           0         3           brk
  0,00    0,000000           0         1           execve
  0,00    0,000000           0         1           getuid
  0,00    0,000000           0         2         2 statfs
  0,00    0,000000           0         1           fstatfs
  0,00    0,000000           0         4           prctl
  0,00    0,000000           0         1           getrandom
------ ----------- ----------- --------- --------- ----------------
100,00    0,000773           5       130        17 total
