% time     seconds  usecs/call     calls    errors syscall
------ ----------- ----------- --------- --------- ----------------
 26,58    0,000097           4        24        12 openat
 21,92    0,000080           8         9           mprotect
 10,41    0,000038           3        12           read
  6,30    0,000023           1        12           close
  4,66    0,000017           0        36           mmap
  4,66    0,000017          17         1           munmap
  4,66    0,000017           8         2         2 statfs
  4,11    0,000015           3         4           prctl
  3,56    0,000013           4         3           brk
  3,29    0,000012           1        12           fstat
  1,37    0,000005           2         2         2 access
  1,37    0,000005           5         1           getrandom
  1,10    0,000004           4         1           getuid
  1,10    0,000004           4         1           fstatfs
  1,10    0,000004           4         1           arch_prctl
  1,10    0,000004           4         1           prlimit64
  1,10    0,000004           4         1           rseq
  0,82    0,000003           3         1           set_tid_address
  0,82    0,000003           3         1           set_robust_list
  0,00    0,000000           0         1           write
  0,00    0,000000           0         1         1 ioctl
  0,00    0,000000           0         2           pread64
  0,00    0,000000           0         1           execve
------ ----------- ----------- --------- --------- ----------------
100,00    0,000365           2       130        17 total
