% time     seconds  usecs/call     calls    errors syscall
------ ----------- ----------- --------- --------- ----------------
 30,24    0,000417         417         1           execve
 29,01    0,000400          11        36           mmap
 18,71    0,000258          10        24        12 openat
  6,89    0,000095           7        12           close
  3,77    0,000052           5         9           mprotect
  3,48    0,000048           4        12           fstat
  3,41    0,000047           3        12           read
  1,23    0,000017           5         3           brk
  0,73    0,000010           5         2           pread64
  0,65    0,000009           4         2         2 access
  0,29    0,000004           4         1         1 ioctl
  0,29    0,000004           4         1           arch_prctl
  0,29    0,000004           4         1           set_tid_address
  0,29    0,000004           4         1           set_robust_list
  0,29    0,000004           4         1           rseq
  0,22    0,000003           3         1           write
  0,22    0,000003           3         1           getuid
  0,00    0,000000           0         1           munmap
  0,00    0,000000           0         2         2 statfs
  0,00    0,000000           0         1           fstatfs
  0,00    0,000000           0         4           prctl
  0,00    0,000000           0         1           prlimit64
  0,00    0,000000           0         1           getrandom
------ ----------- ----------- --------- --------- ----------------
100,00    0,001379          10       130        17 total
