% time     seconds  usecs/call     calls    errors syscall
------ ----------- ----------- --------- --------- ----------------
 24,15    0,000335           9        36           mmap
 23,79    0,000330         330         1           execve
 11,39    0,000158           8        19           openat
  7,43    0,000103           5        20           read
  6,71    0,000093           4        21           close
  5,62    0,000078           3        20           fstat
  5,48    0,000076           8         9           mprotect
  2,31    0,000032           5         6           newfstatat
  1,73    0,000024          12         2         2 connect
  1,51    0,000021           3         6           lseek
  1,15    0,000016           5         3           brk
  1,15    0,000016           8         2           socket
  1,08    0,000015          15         1           munmap
  1,01    0,000014           7         2         2 statfs
  0,94    0,000013           3         4           prctl
  0,79    0,000011           5         2         2 access
  0,58    0,000008           4         2           pread64
  0,50    0,000007           3         2           getuid
  0,36    0,000005           5         1           getrandom
  0,29    0,000004           4         1           write
  0,29    0,000004           4         1         1 ioctl
  0,29    0,000004           4         1           fstatfs
  0,29    0,000004           4         1           arch_prctl
  0,29    0,000004           4         1           set_tid_address
  0,29    0,000004           4         1           set_robust_list
  0,29    0,000004           4         1           prlimit64
  0,29    0,000004           4         1           rseq
------ ----------- ----------- --------- --------- ----------------
100,00    0,001387           8       167         7 total
