% time     seconds  usecs/call     calls    errors syscall
------ ----------- ----------- --------- --------- ----------------
 39,25    0,000336           9        36           mmap
 13,55    0,000116           4        24        12 openat
 11,57    0,000099          11         9           mprotect
  8,18    0,000070           5        12           read
  6,19    0,000053           4        12           fstat
  5,61    0,000048           4        12           close
  2,34    0,000020           6         3           brk
  2,22    0,000019          19         1           munmap
  1,87    0,000016           8         2         2 statfs
  1,64    0,000014           3         4           prctl
  1,40    0,000012           6         2         2 access
  1,05    0,000009           4         2           pread64
  0,58    0,000005           5         1           fstatfs
  0,58    0,000005           5         1           arch_prctl
  0,58    0,000005           5         1           set_tid_address
  0,58    0,000005           5         1           getrandom
  0,47    0,000004           4         1           write
  0,47    0,000004           4         1         1 ioctl
  0,47    0,000004           4         1           getuid
  0,47    0,000004           4         1           set_robust_list
  0,47    0,000004           4         1           prlimit64
  0,47    0,000004           4         1           rseq
  0,00    0,000000           0         1           execve
------ ----------- ----------- --------- --------- ----------------
100,00    0,000856           6       130        17 total
