% time     seconds  usecs/call     calls    errors syscall
------ ----------- ----------- --------- --------- ----------------
 43,02    0,000774          21        36           mmap
 21,01    0,000378         378         1           execve
  9,84    0,000177           7        24        12 openat
  4,84    0,000087           7        12           read
  4,67    0,000084           9         9           mprotect
  4,11    0,000074           6        12           close
  3,56    0,000064           5        12           fstat
  2,67    0,000048          24         2         2 access
  0,89    0,000016          16         1           munmap
  0,89    0,000016           5         3           brk
  0,83    0,000015           7         2         2 statfs
  0,78    0,000014           3         4           prctl
  0,56    0,000010           5         2           pread64
  0,28    0,000005           5         1           fstatfs
  0,28    0,000005           5         1           getrandom
  0,22    0,000004           4         1           write
  0,22    0,000004           4         1         1 ioctl
  0,22    0,000004           4         1           getuid
  0,22    0,000004           4         1           arch_prctl
  0,22    0,000004           4         1           set_tid_address
  0,22    0,000004           4         1           set_robust_list
  0,22    0,000004           4         1           prlimit64
  0,22    0,000004           4         1           rseq
------ ----------- ----------- --------- --------- ----------------
100,00    0,001799          13       130        17 total
