% time     seconds  usecs/call     calls    errors syscall
------ ----------- ----------- --------- --------- ----------------
 24,18    0,000147           4        36           mmap
 12,83    0,000078           8         9           mprotect
 12,83    0,000078           4        19           openat
 10,53    0,000064           3        20           read
  8,39    0,000051           2        21           close
  6,41    0,000039           1        20           fstat
  2,96    0,000018           3         6           newfstatat
  2,80    0,000017          17         1           munmap
  2,47    0,000015           7         2         2 statfs
  2,47    0,000015           3         4           prctl
  2,14    0,000013           4         3           brk
  1,97    0,000012           6         2         2 connect
  1,81    0,000011           1         6           lseek
  1,32    0,000008           4         2           socket
  0,82    0,000005           2         2         2 access
  0,82    0,000005           2         2           getuid
  0,82    0,000005           5         1           fstatfs
  0,82    0,000005           5         1           getrandom
  0,66    0,000004           4         1           prlimit64
  0,66    0,000004           4         1           rseq
  0,49    0,000003           3         1         1 ioctl
  0,49    0,000003           3         1           arch_prctl
  0,49    0,000003           3         1           set_tid_address
  0,49    0,000003           3         1           set_robust_list
  0,33    0,000002           2         1           write
  0,00    0,000000           0         2           pread64
  0,00    0,000000           0         1           execve
------ ----------- ----------- --------- --------- ----------------
100,00    0,000608           3       167         7 total
