% time     seconds  usecs/call     calls    errors syscall
------ ----------- ----------- --------- --------- ----------------
 30,35    0,000312           8        36           mmap
 14,40    0,000148           7        19           openat
 10,12    0,000104           5        20           read
  9,14    0,000094           4        21           close
  8,17    0,000084           4        20           fstat
  7,20    0,000074           8         9           mprotect
  3,02    0,000031           5         6           newfstatat
  2,24    0,000023          11         2         2 connect
  1,85    0,000019           3         6           lseek
  1,65    0,000017          17         1           munmap
  1,65    0,000017           8         2           socket
  1,46    0,000015           5         3           brk
  1,46    0,000015           7         2         2 statfs
  1,26    0,000013           3         4           prctl
  1,17    0,000012           6         2         2 access
  0,78    0,000008           4         2           pread64
  0,58    0,000006           3         2           getuid
  0,49    0,000005           5         1           write
  0,39    0,000004           4         1         1 ioctl
  0,39    0,000004           4         1           fstatfs
  0,39    0,000004           4         1           arch_prctl
  0,39    0,000004           4         1           set_tid_address
  0,39    0,000004           4         1           prlimit64
  0,39    0,000004           4         1           getrandom
  0,39    0,000004           4         1           rseq
  0,29    0,000003           3         1           set_robust_list
  0,00    0,000000           0         1           execve
------ ----------- ----------- --------- --------- ----------------
100,00    0,001028           6       167         7 total
