% time     seconds  usecs/call     calls    errors syscall
------ ----------- ----------- --------- --------- ----------------
 25,38    0,000084           2        36           mmap
 23,26    0,000077           3        24        12 openat
 13,60    0,000045           5         9           mprotect
  9,37    0,000031           2        12           read
  5,14    0,000017           1        12           close
  4,53    0,000015           1        12           fstat
  3,02    0,000010          10         1           munmap
  3,02    0,000010           5         2         2 statfs
  2,42    0,000008           2         3           brk
  2,42    0,000008           2         4           prctl
  1,21    0,000004           4         1           write
  0,91    0,000003           3         1         1 ioctl
  0,91    0,000003           1         2         2 access
  0,91    0,000003           3         1           getrandom
  0,60    0,000002           2         1           getuid
  0,60    0,000002           2         1           fstatfs
  0,60    0,000002           2         1           arch_prctl
  0,60    0,000002           2         1           set_tid_address
  0,60    0,000002           2         1           prlimit64
  0,60    0,000002           2         1           rseq
  0,30    0,000001           1         1           set_robust_list
  0,00    0,000000           0         2           pread64
  0,00    0,000000           0         1           execve
------ ----------- ----------- --------- --------- ----------------
100,00    0,000331           2       130        17 total
