% time     seconds  usecs/call     calls    errors syscall
------ ----------- ----------- --------- --------- ----------------
 22,04    0,000328         328         1           execve
 21,98    0,000327           9        33           mmap
 15,46    0,000230           7        29        12 openat
  7,80    0,000116           5        22           read
  5,98    0,000089           4        19           close
  4,84    0,000072           9         8           mprotect
  4,44    0,000066           4        16           fstat
  2,96    0,000044           4        11           write
  1,81    0,000027           9         3           socket
  1,68    0,000025          12         2         2 connect
  1,55    0,000023           5         4           newfstatat
  1,14    0,000017          17         1           munmap
  1,14    0,000017           5         3         2 access
  1,01    0,000015           5         3           brk
  1,01    0,000015           7         2         2 statfs
  1,01    0,000015           3         4           prctl
  0,67    0,000010           5         2           pread64
  0,60    0,000009           3         3           lseek
  0,47    0,000007           3         2           getuid
  0,34    0,000005           5         1           fstatfs
  0,34    0,000005           5         1           arch_prctl
  0,34    0,000005           5         1           prlimit64
  0,34    0,000005           5         1           getrandom
  0,27    0,000004           4         1           set_robust_list
  0,20    0,000003           3         1           getpid
  0,20    0,000003           3         1           fcntl
  0,20    0,000003           3         1           set_tid_address
  0,20    0,000003           3         1           rseq
------ ----------- ----------- --------- --------- ----------------
100,00    0,001488           8       177        18 total
