% time     seconds  usecs/call     calls    errors syscall
------ ----------- ----------- --------- --------- ----------------
 37,87    0,000423         423         1           execve
 28,02    0,000313           9        33           mmap
 12,53    0,000140           4        29        12 openat
  3,76    0,000042           3        11           write
  3,76    0,000042           5         8           mprotect
  3,67    0,000041           1        22           read
  3,40    0,000038           2        16           fstat
  3,31    0,000037           1        19           close
  0,72    0,000008           4         2           pread64
  0,63    0,000007           2         3         2 access
  0,45    0,000005           1         3           brk
  0,36    0,000004           4         1           getpid
  0,36    0,000004           4         1           arch_prctl
  0,36    0,000004           4         1           rseq
  0,27    0,000003           1         3           lseek
  0,27    0,000003           3         1           set_tid_address
  0,27    0,000003           3         1           set_robust_list
  0,00    0,000000           0         1           munmap
  0,00    0,000000           0         3           socket
  0,00    0,000000           0         2         2 connect
  0,00    0,000000           0         1           fcntl
  0,00    0,000000           0         2           getuid
  0,00    0,000000           0         2         2 statfs
  0,00    0,000000           0         1           fstatfs
  0,00    0,000000           0         4           prctl
  0,00    0,000000           0         4           newfstatat
  0,00    0,000000           0         1           prlimit64
  0,00    0,000000           0         1           getrandom
------ ----------- ----------- --------- --------- ----------------
100,00    0,001117           6       177        18 total
