% time     seconds  usecs/call     calls    errors syscall
------ ----------- ----------- --------- --------- ----------------
 23,67    0,000294           8        33           mmap
 20,21    0,000251           8        29        12 openat
 11,76    0,000146           6        22           read
  7,89    0,000098           5        19           close
  6,04    0,000075           4        16           fstat
  5,31    0,000066           8         8           mprotect
  4,51    0,000056           5        11           write
  2,90    0,000036          12         3           socket
  2,42    0,000030          15         2         2 connect
  2,42    0,000030           7         4           newfstatat
  2,01    0,000025           8         3         2 access
  1,61    0,000020          20         1           munmap
  1,37    0,000017           8         2         2 statfs
  1,29    0,000016           5         3           lseek
  1,29    0,000016           4         4           prctl
  0,97    0,000012           4         3           brk
  0,81    0,000010           5         2           getuid
  0,64    0,000008           4         2           pread64
  0,40    0,000005           5         1           fcntl
  0,40    0,000005           5         1           fstatfs
  0,40    0,000005           5         1           getrandom
  0,32    0,000004           4         1           getpid
  0,32    0,000004           4         1           arch_prctl
  0,32    0,000004           4         1           prlimit64
  0,24    0,000003           3         1           set_tid_address
  0,24    0,000003           3         1           set_robust_list
  0,24    0,000003           3         1           rseq
  0,00    0,000000           0         1           execve
------ ----------- ----------- --------- --------- ----------------
100,00    0,001242           7       177        18 total
