% time     seconds  usecs/call     calls    errors syscall
------ ----------- ----------- --------- --------- ----------------
 33,79    0,000319         319         1           execve
 22,67    0,000214           6        33           mmap
 13,45    0,000127           4        29        12 openat
  7,20    0,000068           3        22           read
  5,72    0,000054           2        19           close
  4,56    0,000043           2        16           fstat
  2,44    0,000023           2        11           write
  2,33    0,000022          11         2         2 connect
  1,91    0,000018           4         4           newfstatat
  1,48    0,000014           4         3           socket
  1,27    0,000012           4         3         2 access
  0,85    0,000008           2         3           lseek
  0,85    0,000008           4         2           pread64
  0,74    0,000007           3         2           getuid
  0,53    0,000005           1         3           brk
  0,21    0,000002           2         1           getpid
  0,00    0,000000           0         8           mprotect
  0,00    0,000000           0         1           munmap
  0,00    0,000000           0         1           fcntl
  0,00    0,000000           0         2         2 statfs
  0,00    0,000000           0         1           fstatfs
  0,00    0,000000           0         4           prctl
  0,00    0,000000           0         1           arch_prctl
  0,00    0,000000           0         1           set_tid_address
  0,00    0,000000           0         1           set_robust_list
  0,00    0,000000           0         1           prlimit64
  0,00    0,000000           0         1           getrandom
  0,00    0,000000           0         1           rseq
------ ----------- ----------- --------- --------- ----------------
100,00    0,000944           5       177        18 total
