% time     seconds  usecs/call     calls    errors syscall
------ ----------- ----------- --------- --------- ----------------
 22,22    0,000136           4        29        12 openat
 13,24    0,000081          10         8           mprotect
 12,42    0,000076           3        22           read
  8,82    0,000054           2        19           close
  6,37    0,000039           3        11           write
  5,23    0,000032           2        16           fstat
  3,76    0,000023           7         3           socket
  3,59    0,000022          11         2         2 connect
  3,10    0,000019          19         1           munmap
  2,61    0,000016           4         4           newfstatat
  2,45    0,000015           7         2         2 statfs
  1,96    0,000012           3         4           prctl
  1,80    0,000011           3         3           lseek
  1,80    0,000011           3         3           brk
  1,80    0,000011          11         1           set_tid_address
  1,63    0,000010           3         3         2 access
  1,47    0,000009           0        33           mmap
  0,98    0,000006           3         2           getuid
  0,82    0,000005           5         1           set_robust_list
  0,82    0,000005           5         1           getrandom
  0,65    0,000004           4         1           getpid
  0,65    0,000004           4         1           fstatfs
  0,65    0,000004           4         1           prlimit64
  0,65    0,000004           4         1           rseq
  0,49    0,000003           3         1           fcntl
  0,00    0,000000           0         2           pread64
  0,00    0,000000           0         1           execve
  0,00    0,000000           0         1           arch_prctl
------ ----------- ----------- --------- --------- ----------------
100,00    0,000612           3       177        18 total
