% time     seconds  usecs/call     calls    errors syscall
------ ----------- ----------- --------- --------- ----------------
 25,83    0,000280           8        33           mmap
 18,54    0,000201           6        29        12 openat
 11,90    0,000129           5        22           read
  8,39    0,000091           4        19           close
  6,37    0,000069           8         8           mprotect
  5,54    0,000060           3        16           fstat
  3,69    0,000040           3        11           write
  2,86    0,000031          10         3           socket
  2,49    0,000027          13         2         2 connect
  2,12    0,000023           5         4           newfstatat
  1,57    0,000017          17         1           munmap
  1,38    0,000015           7         2         2 statfs
  1,38    0,000015           3         4           prctl
  1,20    0,000013           4         3         2 access
  1,11    0,000012           4         3           lseek
  1,01    0,000011           3         3           brk
  0,74    0,000008           4         2           getuid
  0,65    0,000007           3         2           pread64
  0,46    0,000005           5         1           getrandom
  0,37    0,000004           4         1           getpid
  0,37    0,000004           4         1           fstatfs
  0,37    0,000004           4         1           arch_prctl
  0,37    0,000004           4         1           set_tid_address
  0,37    0,000004           4         1           prlimit64
  0,37    0,000004           4         1           rseq
  0,28    0,000003           3         1           fcntl
  0,28    0,000003           3         1           set_robust_list
  0,00    0,000000           0         1           execve
------ ----------- ----------- --------- --------- ----------------
100,00    0,001084           6       177        18 total
