% time     seconds  usecs/call     calls    errors syscall
------ ----------- ----------- --------- --------- ----------------
 27,33    0,000367          11        33           mmap
 18,76    0,000252           8        29        12 openat
 10,50    0,000141           6        22           read
  8,19    0,000110           5        19           close
  6,18    0,000083           5        16           fstat
  5,88    0,000079           9         8           mprotect
  3,80    0,000051           4        11           write
  2,53    0,000034          11         3           socket
  2,23    0,000030          15         2         2 connect
  2,01    0,000027           6         4           newfstatat
  1,64    0,000022           7         3         2 access
  1,49    0,000020          20         1           munmap
  1,41    0,000019           9         2         2 statfs
  1,41    0,000019           4         4           prctl
  1,12    0,000015           5         3           lseek
  0,97    0,000013           4         3           brk
  0,67    0,000009           4         2           pread64
  0,67    0,000009           4         2           getuid
  0,45    0,000006           6         1           fstatfs
  0,45    0,000006           6         1           prlimit64
  0,37    0,000005           5         1           fcntl
  0,37    0,000005           5         1           arch_prctl
  0,37    0,000005           5         1           getrandom
  0,30    0,000004           4         1           getpid
  0,30    0,000004           4         1           set_tid_address
  0,30    0,000004           4         1           set_robust_list
  0,30    0,000004           4         1           rseq
  0,00    0,000000           0         1           execve
------ ----------- ----------- --------- --------- ----------------
100,00    0,001343           7       177        18 total
