% time     seconds  usecs/call     calls    errors syscall
------ ----------- ----------- --------- --------- ----------------
 36,70    0,000098           3        29        12 openat
 16,48    0,000044           4        11           write
 15,73    0,000042           1        22           read
  9,74    0,000026           1        19           close
  8,99    0,000024           1        16           fstat
  4,87    0,000013           4         3           lseek
  4,49    0,000012           3         4           newfstatat
  1,50    0,000004           4         1           getpid
  1,50    0,000004           2         2           getuid
  0,00    0,000000           0        33           mmap
  0,00    0,000000           0         8           mprotect
  0,00    0,000000           0         1           munmap
  0,00    0,000000           0         3           brk
  0,00    0,000000           0         2           pread64
  0,00    0,000000           0         3         2 access
  0,00    0,000000           0         3           socket
  0,00    0,000000           0         2         2 connect
  0,00    0,000000           0         1           execve
  0,00    0,000000           0         1           fcntl
  0,00    0,000000           0         2         2 statfs
  0,00    0,000000           0         1           fstatfs
  0,00    0,000000           0         4           prctl
  0,00    0,000000           0         1           arch_prctl
  0,00    0,000000           0         1           set_tid_address
  0,00    0,000000           0         1           set_robust_list
  0,00    0,000000           0         1           prlimit64
  0,00    0,000000           0         1           getrandom
  0,00    0,000000           0         1           rseq
------ ----------- ----------- --------- --------- ----------------
100,00    0,000267           1       177        18 total
