% time     seconds  usecs/call     calls    errors syscall
------ ----------- ----------- --------- --------- ----------------
 29,32    0,000351          10        33           mmap
 25,73    0,000308         308         1           execve
 11,28    0,000135           4        29        12 openat
  6,52    0,000078           9         8           mprotect
  5,85    0,000070           3        22           read
  3,68    0,000044           2        19           close
  3,43    0,000041           2        16           fstat
  2,59    0,000031           2        11           write
  1,59    0,000019          19         1           munmap
  1,34    0,000016           8         2         2 statfs
  1,25    0,000015           5         3           brk
  1,25    0,000015           3         4           prctl
  1,09    0,000013           4         3         2 access
  1,09    0,000013           4         3           socket
  0,75    0,000009           4         2           pread64
  0,42    0,000005           5         1           fstatfs
  0,42    0,000005           5         1           getrandom
  0,33    0,000004           4         1           fcntl
  0,33    0,000004           2         2           getuid
  0,33    0,000004           4         1           arch_prctl
  0,33    0,000004           4         1           set_tid_address
  0,33    0,000004           4         1           prlimit64
  0,33    0,000004           4         1           rseq
  0,25    0,000003           3         1           set_robust_list
  0,17    0,000002           2         1           getpid
  0,00    0,000000           0         3           lseek
  0,00    0,000000           0         2         2 connect
  0,00    0,000000           0         4           newfstatat
------ ----------- ----------- --------- --------- ----------------
100,00    0,001197           6       177        18 total
