% time     seconds  usecs/call     calls    errors syscall
------ ----------- ----------- --------- --------- ----------------
 52,78    0,000275         275         1           execve
 16,12    0,000084          10         8           mmap
  5,57    0,000029           9         3           mprotect
  3,45    0,000018          18         1           munmap
  3,45    0,000018           9         2           openat
  2,88    0,000015           5         3           fstat
  2,88    0,000015           5         3           brk
  1,92    0,000010           5         2           pread64
  1,54    0,000008           4         2           close
  1,34    0,000007           7         1         1 access
  1,15    0,000006           6         1           read
  1,15    0,000006           6         1           write
  0,96    0,000005           5         1           prlimit64
  0,96    0,000005           5         1           getrandom
  0,77    0,000004           4         1         1 ioctl
  0,77    0,000004           4         1           arch_prctl
  0,77    0,000004           4         1           set_tid_address
  0,77    0,000004           4         1           set_robust_list
  0,77    0,000004           4         1           rseq
------ ----------- ----------- --------- --------- ----------------
100,00    0,000521          14        35         2 total
