% time     seconds  usecs/call     calls    errors syscall
------ ----------- ----------- --------- --------- ----------------
 54,45    0,000257         257         1           execve
 15,47    0,000073           9         8           mmap
  5,93    0,000028           9         3           mprotect
  3,60    0,000017          17         1           munmap
  2,97    0,000014           4         3           brk
  2,75    0,000013           4         3           fstat
  2,75    0,000013           6         2           openat
  1,69    0,000008           4         2           close
  1,48    0,000007           3         2           pread64
  1,27    0,000006           6         1         1 access
  1,06    0,000005           5         1           read
  1,06    0,000005           5         1           write
  1,06    0,000005           5         1           getrandom
  0,85    0,000004           4         1           set_tid_address
  0,85    0,000004           4         1           prlimit64
  0,85    0,000004           4         1           rseq
  0,64    0,000003           3         1         1 ioctl
  0,64    0,000003           3         1           arch_prctl
  0,64    0,000003           3         1           set_robust_list
------ ----------- ----------- --------- --------- ----------------
100,00    0,000472          13        35         2 total
