% time     seconds  usecs/call     calls    errors syscall
------ ----------- ----------- --------- --------- ----------------
 61,22    0,000352         352         1           execve
 12,70    0,000073           9         8           mmap
  3,83    0,000022           7         3           mprotect
  2,78    0,000016           8         2           pread64
  2,61    0,000015           7         2           openat
  2,43    0,000014           4         3           fstat
  2,43    0,000014          14         1           munmap
  2,26    0,000013           4         3           brk
  1,57    0,000009           9         1           write
  1,39    0,000008           4         2           close
  1,04    0,000006           6         1           read
  1,04    0,000006           6         1         1 access
  0,87    0,000005           5         1           getrandom
  0,70    0,000004           4         1         1 ioctl
  0,70    0,000004           4         1           set_tid_address
  0,70    0,000004           4         1           prlimit64
  0,70    0,000004           4         1           rseq
  0,52    0,000003           3         1           arch_prctl
  0,52    0,000003           3         1           set_robust_list
------ ----------- ----------- --------- --------- ----------------
100,00    0,000575          16        35         2 total
