% time     seconds  usecs/call     calls    errors syscall
------ ----------- ----------- --------- --------- ----------------
 33,94    0,000075           9         8           mmap
 12,22    0,000027           9         3           mprotect
  7,24    0,000016          16         1           munmap
  6,79    0,000015           7         2           openat
  6,33    0,000014           4         3           fstat
  6,33    0,000014           4         3           brk
  4,07    0,000009           4         2           close
  3,62    0,000008           4         2           pread64
  3,17    0,000007           7         1         1 access
  2,26    0,000005           5         1           read
  2,26    0,000005           5         1           write
  1,81    0,000004           4         1         1 ioctl
  1,81    0,000004           4         1           arch_prctl
  1,81    0,000004           4         1           prlimit64
  1,81    0,000004           4         1           getrandom
  1,81    0,000004           4         1           rseq
  1,36    0,000003           3         1           set_tid_address
  1,36    0,000003           3         1           set_robust_list
  0,00    0,000000           0         1           execve
------ ----------- ----------- --------- --------- ----------------
100,00    0,000221           6        35         2 total
