% time     seconds  usecs/call     calls    errors syscall
------ ----------- ----------- --------- --------- ----------------
 39,33    0,000035          11         3           mprotect
 19,10    0,000017          17         1           munmap
 11,24    0,000010           3         3           brk
  7,87    0,000007           7         1         1 ioctl
  6,74    0,000006           2         3           fstat
  5,62    0,000005           5         1           write
  5,62    0,000005           5         1           getrandom
  4,49    0,000004           4         1           prlimit64
  0,00    0,000000           0         1           read
  0,00    0,000000           0         2           close
  0,00    0,000000           0         8           mmap
  0,00    0,000000           0         2           pread64
  0,00    0,000000           0         1         1 access
  0,00    0,000000           0         1           execve
  0,00    0,000000           0         1           arch_prctl
  0,00    0,000000           0         1           set_tid_address
  0,00    0,000000           0         2           openat
  0,00    0,000000           0         1           set_robust_list
  0,00    0,000000           0         1           rseq
------ ----------- ----------- --------- --------- ----------------
100,00    0,000089           2        35         2 total
