% time     seconds  usecs/call     calls    errors syscall
------ ----------- ----------- --------- --------- ----------------
 56,58    0,000318         318         1           execve
 14,95    0,000084          10         8           mmap
  5,16    0,000029           9         3           mprotect
  3,02    0,000017          17         1           munmap
  3,02    0,000017           8         2           openat
  2,85    0,000016           5         3           fstat
  2,67    0,000015           5         3           brk
  1,78    0,000010           5         2           pread64
  1,60    0,000009           4         2           close
  1,07    0,000006           6         1           read
  1,07    0,000006           6         1         1 access
  0,89    0,000005           5         1           write
  0,89    0,000005           5         1         1 ioctl
  0,89    0,000005           5         1           prlimit64
  0,71    0,000004           4         1           arch_prctl
  0,71    0,000004           4         1           set_tid_address
  0,71    0,000004           4         1           set_robust_list
  0,71    0,000004           4         1           getrandom
  0,71    0,000004           4         1           rseq
------ ----------- ----------- --------- --------- ----------------
100,00    0,000562          16        35         2 total
