% time     seconds  usecs/call     calls    errors syscall
------ ----------- ----------- --------- --------- ----------------
 53,42    0,000281         281         1           execve
 16,16    0,000085          10         8           mmap
  5,32    0,000028           9         3           mprotect
  3,61    0,000019           6         3           brk
  3,23    0,000017          17         1           munmap
  3,23    0,000017           8         2           openat
  2,85    0,000015           5         3           fstat
  1,71    0,000009           4         2           pread64
  1,52    0,000008           4         2           close
  1,33    0,000007           7         1         1 access
  1,14    0,000006           6         1           read
  1,14    0,000006           6         1           write
  0,95    0,000005           5         1           getrandom
  0,76    0,000004           4         1         1 ioctl
  0,76    0,000004           4         1           arch_prctl
  0,76    0,000004           4         1           set_tid_address
  0,76    0,000004           4         1           prlimit64
  0,76    0,000004           4         1           rseq
  0,57    0,000003           3         1           set_robust_list
------ ----------- ----------- --------- --------- ----------------
100,00    0,000526          15        35         2 total
