% time     seconds  usecs/call     calls    errors syscall
------ ----------- ----------- --------- --------- ----------------
 56,79    0,000318         318         1           execve
 15,36    0,000086          10         8           mmap
  5,36    0,000030          10         3           mprotect
  3,21    0,000018           9         2           openat
  3,04    0,000017          17         1           munmap
  2,50    0,000014           4         3           fstat
  2,50    0,000014           4         3           brk
  1,43    0,000008           4         2           close
  1,43    0,000008           4         2           pread64
  1,25    0,000007           7         1         1 access
  1,07    0,000006           6         1           read
  0,89    0,000005           5         1           write
  0,89    0,000005           5         1           getrandom
  0,71    0,000004           4         1         1 ioctl
  0,71    0,000004           4         1           arch_prctl
  0,71    0,000004           4         1           set_tid_address
  0,71    0,000004           4         1           set_robust_list
  0,71    0,000004           4         1           prlimit64
  0,71    0,000004           4         1           rseq
------ ----------- ----------- --------- --------- ----------------
100,00    0,000560          16        35         2 total
