% time     seconds  usecs/call     calls    errors syscall
------ ----------- ----------- --------- --------- ----------------
 55,29    0,000282         282         1           execve
 15,69    0,000080          10         8           mmap
  5,10    0,000026           8         3           mprotect
  3,33    0,000017           8         2           openat
  3,14    0,000016          16         1           munmap
  2,75    0,000014           4         3           fstat
  2,75    0,000014           4         3           brk
  1,57    0,000008           4         2           pread64
  1,37    0,000007           3         2           close
  1,37    0,000007           7         1         1 access
  1,18    0,000006           6         1           read
  0,98    0,000005           5         1           write
  0,98    0,000005           5         1         1 ioctl
  0,78    0,000004           4         1           arch_prctl
  0,78    0,000004           4         1           set_tid_address
  0,78    0,000004           4         1           prlimit64
  0,78    0,000004           4         1           getrandom
  0,78    0,000004           4         1           rseq
  0,59    0,000003           3         1           set_robust_list
------ ----------- ----------- --------- --------- ----------------
100,00    0,000510          14        35         2 total
