% time     seconds  usecs/call     calls    errors syscall
------ ----------- ----------- --------- --------- ----------------
 51,83    0,000269         269         1           execve
 18,50    0,000096          12         8           mmap
  5,78    0,000030          10         3           mprotect
  3,47    0,000018          18         1           munmap
  3,08    0,000016           5         3           brk
  2,89    0,000015           7         2           openat
  2,70    0,000014           4         3           fstat
  1,54    0,000008           4         2           pread64
  1,35    0,000007           3         2           close
  1,16    0,000006           6         1         1 access
  0,96    0,000005           5         1           read
  0,96    0,000005           5         1           write
  0,96    0,000005           5         1         1 ioctl
  0,96    0,000005           5         1           getrandom
  0,77    0,000004           4         1           arch_prctl
  0,77    0,000004           4         1           set_tid_address
  0,77    0,000004           4         1           set_robust_list
  0,77    0,000004           4         1           prlimit64
  0,77    0,000004           4         1           rseq
------ ----------- ----------- --------- --------- ----------------
100,00    0,000519          14        35         2 total
