% time     seconds  usecs/call     calls    errors syscall
------ ----------- ----------- --------- --------- ----------------
 33,53    0,000058           7         8           mmap
 15,03    0,000026           8         3           mprotect
  9,25    0,000016          16         1           munmap
  5,78    0,000010           3         3           brk
  5,78    0,000010           5         2           pread64
  5,20    0,000009           3         3           fstat
  3,47    0,000006           6         1           read
  2,89    0,000005           5         1           write
  2,89    0,000005           5         1           arch_prctl
  2,31    0,000004           2         2           close
  2,31    0,000004           4         1         1 ioctl
  2,31    0,000004           4         1           set_tid_address
  2,31    0,000004           4         1           set_robust_list
  2,31    0,000004           4         1           prlimit64
  2,31    0,000004           4         1           getrandom
  2,31    0,000004           4         1           rseq
  0,00    0,000000           0         1         1 access
  0,00    0,000000           0         1           execve
  0,00    0,000000           0         2           openat
------ ----------- ----------- --------- --------- ----------------
100,00    0,000173           4        35         2 total
