% time     seconds  usecs/call     calls    errors syscall
------ ----------- ----------- --------- --------- ----------------
 51,66    0,000296         296         1           execve
 16,58    0,000095          11         8           mmap
  5,58    0,000032          32         1           munmap
  5,24    0,000030          10         3           mprotect
  3,49    0,000020          10         2           openat
  2,62    0,000015           5         3           fstat
  2,62    0,000015           5         3           brk
  1,75    0,000010           5         2           close
  1,57    0,000009           4         2           pread64
  1,22    0,000007           7         1         1 ioctl
  1,22    0,000007           7         1         1 access
  1,05    0,000006           6         1           read
  1,05    0,000006           6         1           write
  0,87    0,000005           5         1           arch_prctl
  0,87    0,000005           5         1           getrandom
  0,70    0,000004           4         1           set_robust_list
  0,70    0,000004           4         1           prlimit64
  0,70    0,000004           4         1           rseq
  0,52    0,000003           3         1           set_tid_address
------ ----------- ----------- --------- --------- ----------------
100,00    0,000573          16        35         2 total
