% time     seconds  usecs/call     calls    errors syscall
------ ----------- ----------- --------- --------- ----------------
 38,89    0,000084          10         8           mmap
  8,33    0,000018          18         1           munmap
  7,87    0,000017           8         2           openat
  6,94    0,000015           5         3           fstat
  6,94    0,000015           5         3           mprotect
  4,63    0,000010           3         3           brk
  4,17    0,000009           4         2           close
  4,17    0,000009           4         2           pread64
  3,70    0,000008           8         1         1 access
  2,78    0,000006           6         1           read
  1,85    0,000004           4         1           arch_prctl
  1,85    0,000004           4         1           set_tid_address
  1,85    0,000004           4         1           rseq
  1,39    0,000003           3         1           set_robust_list
  1,39    0,000003           3         1           prlimit64
  1,39    0,000003           3         1           getrandom
  0,93    0,000002           2         1           write
  0,93    0,000002           2         1         1 ioctl
  0,00    0,000000           0         1           execve
------ ----------- ----------- --------- --------- ----------------
100,00    0,000216           6        35         2 total
