% time     seconds  usecs/call     calls    errors syscall
------ ----------- ----------- --------- --------- ----------------
 39,01    0,000087          10         8           mmap
 13,00    0,000029           9         3           mprotect
  7,62    0,000017          17         1           munmap
  7,62    0,000017           8         2           openat
  5,83    0,000013           4         3           fstat
  4,48    0,000010           5         2           close
  4,48    0,000010           5         2           pread64
  3,59    0,000008           8         1         1 access
  2,69    0,000006           6         1           read
  2,24    0,000005           5         1           arch_prctl
  2,24    0,000005           5         1           prlimit64
  1,79    0,000004           4         1           set_tid_address
  1,79    0,000004           4         1           set_robust_list
  1,79    0,000004           4         1           rseq
  0,90    0,000002           2         1           write
  0,90    0,000002           2         1         1 ioctl
  0,00    0,000000           0         3           brk
  0,00    0,000000           0         1           execve
  0,00    0,000000           0         1           getrandom
------ ----------- ----------- --------- --------- ----------------
100,00    0,000223           6        35         2 total
