% time     seconds  usecs/call     calls    errors syscall
------ ----------- ----------- --------- --------- ----------------
 56,72    0,000308         308         1           execve
 15,10    0,000082          10         8           mmap
  5,16    0,000028           9         3           mprotect
  3,13    0,000017          17         1           munmap
  2,95    0,000016           8         2           openat
  2,76    0,000015           5         3           fstat
  2,76    0,000015           5         3           brk
  1,66    0,000009           4         2           pread64
  1,47    0,000008           4         2           close
  1,10    0,000006           6         1         1 access
  0,92    0,000005           5         1           read
  0,92    0,000005           5         1           write
  0,92    0,000005           5         1           prlimit64
  0,92    0,000005           5         1           getrandom
  0,74    0,000004           4         1         1 ioctl
  0,74    0,000004           4         1           arch_prctl
  0,74    0,000004           4         1           set_robust_list
  0,74    0,000004           4         1           rseq
  0,55    0,000003           3         1           set_tid_address
------ ----------- ----------- --------- --------- ----------------
100,00    0,000543          15        35         2 total
