% time     seconds  usecs/call     calls    errors syscall
------ ----------- ----------- --------- --------- ----------------
 57,56    0,000297         297         1           execve
 14,73    0,000076           9         8           mmap
  4,46    0,000023           7         3           mprotect
  2,91    0,000015           5         3           fstat
  2,91    0,000015          15         1           munmap
  2,91    0,000015           5         3           brk
  2,91    0,000015           7         2           openat
  1,55    0,000008           4         2           close
  1,55    0,000008           4         2           pread64
  1,55    0,000008           8         1         1 access
  0,97    0,000005           5         1           read
  0,97    0,000005           5         1           write
  0,97    0,000005           5         1           getrandom
  0,78    0,000004           4         1         1 ioctl
  0,78    0,000004           4         1           set_robust_list
  0,78    0,000004           4         1           prlimit64
  0,58    0,000003           3         1           arch_prctl
  0,58    0,000003           3         1           set_tid_address
  0,58    0,000003           3         1           rseq
------ ----------- ----------- --------- --------- ----------------
100,00    0,000516          14        35         2 total
