% time     seconds  usecs/call     calls    errors syscall
------ ----------- ----------- --------- --------- ----------------
 30,91    0,000395         395         1           execve
 25,74    0,000329          12        27           mmap
 13,69    0,000175           8        21        12 openat
  6,18    0,000079          11         7           mprotect
  4,62    0,000059           7         8           read
  4,46    0,000057           5        11           close
  3,76    0,000048           5         9           fstat
  1,80    0,000023           7         3           brk
  1,72    0,000022          22         1           munmap
  1,33    0,000017           4         4           prctl
  0,78    0,000010           5         2           pread64
  0,70    0,000009           4         2           dup
  0,63    0,000008           8         1         1 access
  0,47    0,000006           6         1           fstatfs
  0,47    0,000006           6         1           arch_prctl
  0,47    0,000006           6         1           getrandom
  0,39    0,000005           5         1           write
  0,39    0,000005           5         1         1 ioctl
  0,39    0,000005           5         1           set_robust_list
  0,39    0,000005           5         1           prlimit64
  0,39    0,000005           5         1           rseq
  0,31    0,000004           4         1           set_tid_address
------ ----------- ----------- --------- --------- ----------------
100,00    0,001278          12       106        14 total
