% time     seconds  usecs/call     calls    errors syscall
------ ----------- ----------- --------- --------- ----------------
 38,57    0,000400          11        36           mmap
 18,51    0,000192           8        24        12 openat
  8,68    0,000090          10         9           mprotect
  7,71    0,000080           6        12           read
  6,08    0,000063           5        12           close
  6,08    0,000063           5        12           fstat
  2,12    0,000022          11         2         2 access
  2,03    0,000021          21         1           munmap
  1,64    0,000017           8         2         2 statfs
  1,64    0,000017           4         4           prctl
  1,45    0,000015           5         3           brk
  0,96    0,000010           5         2           pread64
  0,48    0,000005           5         1           write
  0,48    0,000005           5         1           getuid
  0,48    0,000005           5         1           fstatfs
  0,48    0,000005           5         1           arch_prctl
  0,48    0,000005           5         1           set_tid_address
  0,48    0,000005           5         1           getrandom
  0,48    0,000005           5         1           rseq
  0,39    0,000004           4         1         1 ioctl
  0,39    0,000004           4         1           set_robust_list
  0,39    0,000004           4         1           prlimit64
  0,00    0,000000           0         1           execve
------ ----------- ----------- --------- --------- ----------------
100,00    0,001037           7       130        17 total
