% time     seconds  usecs/call     calls    errors syscall
------ ----------- ----------- --------- --------- ----------------
 23,08    0,000036           1        20           fstat
 17,95    0,000028           1        19           openat
 17,31    0,000027           1        20           read
 14,74    0,000023           1        21           close
 10,90    0,000017           2         6           lseek
 10,26    0,000016           2         6           newfstatat
  3,21    0,000005           5         1           write
  2,56    0,000004           4         1         1 ioctl
  0,00    0,000000           0        36           mmap
  0,00    0,000000           0         9           mprotect
  0,00    0,000000           0         1           munmap
  0,00    0,000000           0         3           brk
  0,00    0,000000           0         2           pread64
  0,00    0,000000           0         2         2 access
  0,00    0,000000           0         2           socket
  0,00    0,000000           0         2         2 connect
  0,00    0,000000           0         1           execve
  0,00    0,000000           0         2           getuid
  0,00    0,000000           0         2         2 statfs
  0,00    0,000000           0         1           fstatfs
  0,00    0,000000           0         4           prctl
  0,00    0,000000           0         1           arch_prctl
  0,00    0,000000           0         1           set_tid_address
  0,00    0,000000           0         1           set_robust_list
  0,00    0,000000           0         1           prlimit64
  0,00    0,000000           0         1           getrandom
  0,00    0,000000           0         1           rseq
------ ----------- ----------- --------- --------- ----------------
100,00    0,000156           0       167         7 total
