% time     seconds  usecs/call     calls    errors syscall
------ ----------- ----------- --------- --------- ----------------
 29,25    0,000186           5        36           mmap
 20,75    0,000132           5        24        12 openat
 13,84    0,000088           9         9           mprotect
  7,70    0,000049           4        12           read
  5,66    0,000036           3        12           close
  4,87    0,000031           2        12           fstat
  2,67    0,000017          17         1           munmap
  2,52    0,000016           8         2         2 statfs
  2,04    0,000013           4         3           brk
  2,04    0,000013           3         4           prctl
  1,26    0,000008           4         2           pread64
  0,79    0,000005           5         1           write
  0,79    0,000005           2         2         2 access
  0,79    0,000005           5         1           getrandom
  0,63    0,000004           4         1         1 ioctl
  0,63    0,000004           4         1           getuid
  0,63    0,000004           4         1           fstatfs
  0,63    0,000004           4         1           arch_prctl
  0,63    0,000004           4         1           set_tid_address
  0,63    0,000004           4         1           set_robust_list
  0,63    0,000004           4         1           prlimit64
  0,63    0,000004           4         1           rseq
  0,00    0,000000           0         1           execve
------ ----------- ----------- --------- --------- ----------------
100,00    0,000636           4       130        17 total
