% time     seconds  usecs/call     calls    errors syscall
------ ----------- ----------- --------- --------- ----------------
 27,35    0,000224           8        27           mmap
 24,79    0,000203         203         1           execve
 14,65    0,000120           5        21        12 openat
  6,47    0,000053           7         7           mprotect
  5,74    0,000047           5         9           read
  4,64    0,000038           3        11           close
  4,40    0,000036           3        10           fstat
  2,20    0,000018           9         2         2 statfs
  1,71    0,000014           4         3           brk
  1,59    0,000013          13         1           munmap
  1,22    0,000010           5         2         2 access
  0,73    0,000006           3         2           pread64
  0,73    0,000006           3         2           dup
  0,49    0,000004           4         1           write
  0,49    0,000004           4         1         1 ioctl
  0,37    0,000003           3         1           getuid
  0,37    0,000003           3         1           geteuid
  0,37    0,000003           3         1           arch_prctl
  0,37    0,000003           3         1           set_robust_list
  0,37    0,000003           3         1           prlimit64
  0,37    0,000003           3         1           getrandom
  0,37    0,000003           3         1           rseq
  0,24    0,000002           2         1           set_tid_address
------ ----------- ----------- --------- --------- ----------------
100,00    0,000819           7       108        17 total
