% time     seconds  usecs/call     calls    errors syscall
------ ----------- ----------- --------- --------- ----------------
 42,43    0,000297         297         1           execve
 35,57    0,000249           9        27           mmap
  6,86    0,000048           2        21        12 openat
  3,71    0,000026           2        11           close
  3,71    0,000026           2        10           fstat
  3,57    0,000025           2         9           read
  1,14    0,000008           4         2           pread64
  1,00    0,000007           3         2         2 access
  0,57    0,000004           1         3           brk
  0,57    0,000004           2         2           dup
  0,43    0,000003           3         1           write
  0,43    0,000003           3         1         1 ioctl
  0,00    0,000000           0         7           mprotect
  0,00    0,000000           0         1           munmap
  0,00    0,000000           0         1           getuid
  0,00    0,000000           0         1           geteuid
  0,00    0,000000           0         2         2 statfs
  0,00    0,000000           0         1           arch_prctl
  0,00    0,000000           0         1           set_tid_address
  0,00    0,000000           0         1           set_robust_list
  0,00    0,000000           0         1           prlimit64
  0,00    0,000000           0         1           getrandom
  0,00    0,000000           0         1           rseq
------ ----------- ----------- --------- --------- ----------------
100,00    0,000700           6       108        17 total
