% time     seconds  usecs/call     calls    errors syscall
------ ----------- ----------- --------- --------- ----------------
 34,67    0,000250           9        27           mmap
 19,28    0,000139           6        21        12 openat
  8,74    0,000063           9         7           mprotect
  7,63    0,000055           6         9           read
  6,52    0,000047           4        11           close
  5,27    0,000038           3        10           fstat
  4,16    0,000030          15         2         2 statfs
  2,64    0,000019          19         1           munmap
  2,50    0,000018           6         3           brk
  1,11    0,000008           4         2           pread64
  1,11    0,000008           4         2           dup
  0,97    0,000007           3         2         2 access
  0,83    0,000006           6         1           getrandom
  0,55    0,000004           4         1           write
  0,55    0,000004           4         1         1 ioctl
  0,55    0,000004           4         1           getuid
  0,55    0,000004           4         1           arch_prctl
  0,55    0,000004           4         1           prlimit64
  0,55    0,000004           4         1           rseq
  0,42    0,000003           3         1           geteuid
  0,42    0,000003           3         1           set_tid_address
  0,42    0,000003           3         1           set_robust_list
  0,00    0,000000           0         1           execve
------ ----------- ----------- --------- --------- ----------------
100,00    0,000721           6       108        17 total
