% time     seconds  usecs/call     calls    errors syscall
------ ----------- ----------- --------- --------- ----------------
 40,65    0,000339         339         1           execve
 13,67    0,000114           4        27           mmap
 12,35    0,000103          14         7           mprotect
 11,15    0,000093           4        21        12 openat
  3,84    0,000032           3         9           read
  3,36    0,000028           2        11           close
  3,24    0,000027           2        10           fstat
  2,28    0,000019          19         1           munmap
  1,92    0,000016           5         3           brk
  1,92    0,000016           8         2         2 statfs
  1,32    0,000011           5         2         2 access
  0,96    0,000008           4         2           pread64
  0,84    0,000007           3         2           dup
  0,48    0,000004           4         1           write
  0,48    0,000004           4         1         1 ioctl
  0,48    0,000004           4         1           getrandom
  0,36    0,000003           3         1           getuid
  0,36    0,000003           3         1           geteuid
  0,36    0,000003           3         1           prlimit64
  0,00    0,000000           0         1           arch_prctl
  0,00    0,000000           0         1           set_tid_address
  0,00    0,000000           0         1           set_robust_list
  0,00    0,000000           0         1           rseq
------ ----------- ----------- --------- --------- ----------------
100,00    0,000834           7       108        17 total
