% time     seconds  usecs/call     calls    errors syscall
------ ----------- ----------- --------- --------- ----------------
 37,78    0,000419         419         1           execve
 26,42    0,000293          10        27           mmap
 15,78    0,000175           8        21        12 openat
  5,77    0,000064           7         9           read
  4,51    0,000050           5        10           fstat
  4,42    0,000049           4        11           close
  1,35    0,000015           7         2         2 access
  0,90    0,000010           5         2           pread64
  0,81    0,000009           4         2           dup
  0,54    0,000006           6         1         1 ioctl
  0,45    0,000005           5         1           write
  0,45    0,000005           1         3           brk
  0,45    0,000005           5         1           getuid
  0,36    0,000004           4         1           geteuid
  0,00    0,000000           0         7           mprotect
  0,00    0,000000           0         1           munmap
  0,00    0,000000           0         2         2 statfs
  0,00    0,000000           0         1           arch_prctl
  0,00    0,000000           0         1           set_tid_address
  0,00    0,000000           0         1           set_robust_list
  0,00    0,000000           0         1           prlimit64
  0,00    0,000000           0         1           getrandom
  0,00    0,000000           0         1           rseq
------ ----------- ----------- --------- --------- ----------------
100,00    0,001109          10       108        17 total
