% time     seconds  usecs/call     calls    errors syscall
------ ----------- ----------- --------- --------- ----------------
 24,54    0,000120           5        21        12 openat
 20,65    0,000101           3        27           mmap
 14,31    0,000070          10         7           mprotect
  7,77    0,000038           4         9           read
  6,54    0,000032           2        11           close
  4,50    0,000022           2        10           fstat
  3,89    0,000019           9         2         2 statfs
  3,48    0,000017          17         1           munmap
  2,66    0,000013           4         3           brk
  1,64    0,000008           4         2           dup
  1,23    0,000006           3         2         2 access
  1,02    0,000005           5         1           write
  1,02    0,000005           5         1         1 ioctl
  1,02    0,000005           5         1           getuid
  1,02    0,000005           5         1           getrandom
  0,82    0,000004           4         1           geteuid
  0,82    0,000004           4         1           arch_prctl
  0,82    0,000004           4         1           set_tid_address
  0,82    0,000004           4         1           prlimit64
  0,82    0,000004           4         1           rseq
  0,61    0,000003           3         1           set_robust_list
  0,00    0,000000           0         2           pread64
  0,00    0,000000           0         1           execve
------ ----------- ----------- --------- --------- ----------------
100,00    0,000489           4       108        17 total
