% time     seconds  usecs/call     calls    errors syscall
------ ----------- ----------- --------- --------- ----------------
 35,89    0,000389         389         1           execve
 23,62    0,000256           9        27           mmap
 12,27    0,000133           6        21        12 openat
  5,54    0,000060           8         7           mprotect
  4,61    0,000050           5         9           read
  4,15    0,000045           4        11           close
  3,87    0,000042           4        10           fstat
  1,38    0,000015          15         1           munmap
  1,38    0,000015           5         3           brk
  1,38    0,000015           7         2         2 statfs
  1,01    0,000011           5         2         2 access
  0,74    0,000008           4         2           pread64
  0,65    0,000007           3         2           dup
  0,46    0,000005           5         1           getrandom
  0,37    0,000004           4         1           write
  0,37    0,000004           4         1         1 ioctl
  0,37    0,000004           4         1           getuid
  0,37    0,000004           4         1           geteuid
  0,37    0,000004           4         1           arch_prctl
  0,37    0,000004           4         1           prlimit64
  0,28    0,000003           3         1           set_tid_address
  0,28    0,000003           3         1           set_robust_list
  0,28    0,000003           3         1           rseq
------ ----------- ----------- --------- --------- ----------------
100,00    0,001084          10       108        17 total
