% time     seconds  usecs/call     calls    errors syscall
------ ----------- ----------- --------- --------- ----------------
 27,96    0,000092           4        21        12 openat
 22,49    0,000074          10         7           mprotect
  9,73    0,000032           3         9           read
  6,08    0,000020          10         2         2 statfs
  5,78    0,000019           1        11           close
  5,17    0,000017          17         1           munmap
  4,86    0,000016           1        10           fstat
  3,65    0,000012           4         3           brk
  2,43    0,000008           0        27           mmap
  2,13    0,000007           3         2           dup
  1,82    0,000006           3         2         2 access
  1,52    0,000005           5         1           getuid
  1,52    0,000005           5         1           prlimit64
  1,52    0,000005           5         1           getrandom
  1,22    0,000004           4         1           write
  1,22    0,000004           4         1         1 ioctl
  0,91    0,000003           3         1           geteuid
  0,00    0,000000           0         2           pread64
  0,00    0,000000           0         1           execve
  0,00    0,000000           0         1           arch_prctl
  0,00    0,000000           0         1           set_tid_address
  0,00    0,000000           0         1           set_robust_list
  0,00    0,000000           0         1           rseq
------ ----------- ----------- --------- --------- ----------------
100,00    0,000329           3       108        17 total
