% time     seconds  usecs/call     calls    errors syscall
------ ----------- ----------- --------- --------- ----------------
 28,01    0,000279         279         1           execve
 26,51    0,000264           9        27           mmap
 12,25    0,000122           5        21        12 openat
  8,53    0,000085          12         7           mprotect
  4,62    0,000046           5         9           read
  3,82    0,000038           3        11           close
  3,82    0,000038           3        10           fstat
  2,51    0,000025          25         1           munmap
  1,71    0,000017           8         2         2 statfs
  1,61    0,000016           5         3           brk
  1,10    0,000011           5         2         2 access
  0,90    0,000009           4         2           pread64
  0,70    0,000007           3         2           dup
  0,50    0,000005           5         1         1 ioctl
  0,40    0,000004           4         1           write
  0,40    0,000004           4         1           arch_prctl
  0,40    0,000004           4         1           set_tid_address
  0,40    0,000004           4         1           set_robust_list
  0,40    0,000004           4         1           prlimit64
  0,40    0,000004           4         1           getrandom
  0,40    0,000004           4         1           rseq
  0,30    0,000003           3         1           getuid
  0,30    0,000003           3         1           geteuid
------ ----------- ----------- --------- --------- ----------------
100,00    0,000996           9       108        17 total
