% time     seconds  usecs/call     calls    errors syscall
------ ----------- ----------- --------- --------- ----------------
 34,59    0,000267         267         1           execve
 30,83    0,000238           8        27           mmap
 13,60    0,000105           5        21        12 openat
  4,53    0,000035           3        11           close
  4,15    0,000032           3         9           read
  4,15    0,000032           3        10           fstat
  2,59    0,000020           2         7           mprotect
  1,04    0,000008           4         2           pread64
  0,91    0,000007           3         2         2 access
  0,65    0,000005           2         2           dup
  0,52    0,000004           1         3           brk
  0,52    0,000004           4         1           arch_prctl
  0,52    0,000004           4         1           rseq
  0,39    0,000003           3         1           write
  0,39    0,000003           3         1           set_tid_address
  0,39    0,000003           3         1           set_robust_list
  0,26    0,000002           2         1         1 ioctl
  0,00    0,000000           0         1           munmap
  0,00    0,000000           0         1           getuid
  0,00    0,000000           0         1           geteuid
  0,00    0,000000           0         2         2 statfs
  0,00    0,000000           0         1           prlimit64
  0,00    0,000000           0         1           getrandom
------ ----------- ----------- --------- --------- ----------------
100,00    0,000772           7       108        17 total
