% time     seconds  usecs/call     calls    errors syscall
------ ----------- ----------- --------- --------- ----------------
 35,02    0,000256           9        27           mmap
 19,70    0,000144           6        21        12 openat
 10,53    0,000077          11         7           mprotect
  6,98    0,000051           5         9           read
  6,29    0,000046           4        11           close
  4,92    0,000036           3        10           fstat
  2,74    0,000020           6         3           brk
  2,74    0,000020          10         2         2 statfs
  2,60    0,000019          19         1           munmap
  1,09    0,000008           4         2           dup
  0,82    0,000006           3         2         2 access
  0,68    0,000005           5         1           write
  0,68    0,000005           5         1         1 ioctl
  0,68    0,000005           5         1           getuid
  0,68    0,000005           5         1           arch_prctl
  0,68    0,000005           5         1           set_robust_list
  0,68    0,000005           5         1           prlimit64
  0,68    0,000005           5         1           getrandom
  0,68    0,000005           5         1           rseq
  0,55    0,000004           4         1           geteuid
  0,55    0,000004           4         1           set_tid_address
  0,00    0,000000           0         2           pread64
  0,00    0,000000           0         1           execve
------ ----------- ----------- --------- --------- ----------------
100,00    0,000731           6       108        17 total
