% time     seconds  usecs/call     calls    errors syscall
------ ----------- ----------- --------- --------- ----------------
 36,66    0,000316         316         1           execve
 27,84    0,000240           8        27           mmap
  7,19    0,000062           8         7           mprotect
  6,38    0,000055           2        21        12 openat
  4,76    0,000041           4         9           read
  3,36    0,000029           2        11           close
  3,13    0,000027           2        10           fstat
  2,09    0,000018           9         2         2 statfs
  1,97    0,000017          17         1           munmap
  1,74    0,000015           5         3           brk
  1,28    0,000011           5         2         2 access
  1,04    0,000009           4         2           pread64
  0,58    0,000005           5         1           getrandom
  0,46    0,000004           4         1           arch_prctl
  0,46    0,000004           4         1           rseq
  0,35    0,000003           3         1           set_tid_address
  0,35    0,000003           3         1           set_robust_list
  0,35    0,000003           3         1           prlimit64
  0,00    0,000000           0         1           write
  0,00    0,000000           0         1         1 ioctl
  0,00    0,000000           0         2           dup
  0,00    0,000000           0         1           getuid
  0,00    0,000000           0         1           geteuid
------ ----------- ----------- --------- --------- ----------------
100,00    0,000862           7       108        17 total
