% time     seconds  usecs/call     calls    errors syscall
------ ----------- ----------- --------- --------- ----------------
 37,74    0,000234           8        27           mmap
 18,23    0,000113           5        21        12 openat
  8,71    0,000054           7         7           mprotect
  7,10    0,000044           4         9           read
  6,45    0,000040           4        10           fstat
  5,97    0,000037           3        11           close
  2,74    0,000017           5         3           brk
  2,26    0,000014          14         1           munmap
  2,26    0,000014           7         2         2 statfs
  1,13    0,000007           3         2           pread64
  0,97    0,000006           3         2           dup
  0,97    0,000006           6         1           arch_prctl
  0,81    0,000005           2         2         2 access
  0,65    0,000004           4         1           write
  0,65    0,000004           4         1           getrandom
  0,48    0,000003           3         1         1 ioctl
  0,48    0,000003           3         1           getuid
  0,48    0,000003           3         1           geteuid
  0,48    0,000003           3         1           set_tid_address
  0,48    0,000003           3         1           set_robust_list
  0,48    0,000003           3         1           prlimit64
  0,48    0,000003           3         1           rseq
  0,00    0,000000           0         1           execve
------ ----------- ----------- --------- --------- ----------------
100,00    0,000620           5       108        17 total
