% time     seconds  usecs/call     calls    errors syscall
------ ----------- ----------- --------- --------- ----------------
 30,85    0,000248           9        27           mmap
 26,74    0,000215         215         1           execve
 12,69    0,000102           4        21        12 openat
  5,60    0,000045           6         7           mprotect
  5,22    0,000042           4         9           read
  4,10    0,000033           3        11           close
  4,10    0,000033           3        10           fstat
  1,99    0,000016          16         1           munmap
  1,49    0,000012           4         3           brk
  1,49    0,000012           6         2         2 statfs
  1,12    0,000009           4         2         2 access
  0,75    0,000006           3         2           pread64
  0,50    0,000004           2         2           dup
  0,50    0,000004           4         1           getrandom
  0,37    0,000003           3         1           write
  0,37    0,000003           3         1         1 ioctl
  0,37    0,000003           3         1           geteuid
  0,37    0,000003           3         1           arch_prctl
  0,37    0,000003           3         1           prlimit64
  0,25    0,000002           2         1           getuid
  0,25    0,000002           2         1           set_tid_address
  0,25    0,000002           2         1           set_robust_list
  0,25    0,000002           2         1           rseq
------ ----------- ----------- --------- --------- ----------------
100,00    0,000804           7       108        17 total
