% time     seconds  usecs/call     calls    errors syscall
------ ----------- ----------- --------- --------- ----------------
 37,52    0,000188         188         1           execve
 28,74    0,000144           5        27           mmap
 15,97    0,000080           3        21        12 openat
  4,39    0,000022           2         9           read
  4,19    0,000021           2        10           fstat
  3,79    0,000019           1        11           close
  1,20    0,000006           3         2           pread64
  1,00    0,000005           2         2         2 access
  0,80    0,000004           2         2           dup
  0,60    0,000003           3         1           write
  0,60    0,000003           3         1         1 ioctl
  0,40    0,000002           0         3           brk
  0,40    0,000002           2         1           getuid
  0,40    0,000002           2         1           geteuid
  0,00    0,000000           0         7           mprotect
  0,00    0,000000           0         1           munmap
  0,00    0,000000           0         2         2 statfs
  0,00    0,000000           0         1           arch_prctl
  0,00    0,000000           0         1           set_tid_address
  0,00    0,000000           0         1           set_robust_list
  0,00    0,000000           0         1           prlimit64
  0,00    0,000000           0         1           getrandom
  0,00    0,000000           0         1           rseq
------ ----------- ----------- --------- --------- ----------------
100,00    0,000501           4       108        17 total
