% time     seconds  usecs/call     calls    errors syscall
------ ----------- ----------- --------- --------- ----------------
 22,90    0,000090           4        21        12 openat
 16,28    0,000064           2        27           mmap
 15,78    0,000062           8         7           mprotect
  7,89    0,000031           3         9           read
  6,87    0,000027           2        11           close
  5,09    0,000020           2        10           fstat
  4,58    0,000018           9         2         2 statfs
  4,07    0,000016          16         1           munmap
  3,56    0,000014           4         3           brk
  1,78    0,000007           3         2           dup
  1,53    0,000006           6         1           getrandom
  1,27    0,000005           2         2         2 access
  1,02    0,000004           4         1           write
  1,02    0,000004           4         1         1 ioctl
  1,02    0,000004           4         1           getuid
  1,02    0,000004           4         1           set_tid_address
  1,02    0,000004           4         1           prlimit64
  1,02    0,000004           4         1           rseq
  0,76    0,000003           3         1           geteuid
  0,76    0,000003           3         1           arch_prctl
  0,76    0,000003           3         1           set_robust_list
  0,00    0,000000           0         2           pread64
  0,00    0,000000           0         1           execve
------ ----------- ----------- --------- --------- ----------------
100,00    0,000393           3       108        17 total
