% time     seconds  usecs/call     calls    errors syscall
------ ----------- ----------- --------- --------- ----------------
 28,31    0,000299          11        27           mmap
 24,53    0,000259         259         1           execve
 14,39    0,000152           7        21        12 openat
  6,25    0,000066           9         7           mprotect
  5,30    0,000056           6         9           read
  4,55    0,000048           4        11           close
  4,45    0,000047           4        10           fstat
  1,80    0,000019          19         1           munmap
  1,61    0,000017           5         3           brk
  1,61    0,000017           8         2         2 statfs
  1,33    0,000014           7         2         2 access
  0,76    0,000008           4         2           pread64
  0,76    0,000008           4         2           dup
  0,57    0,000006           6         1           write
  0,57    0,000006           6         1           getrandom
  0,47    0,000005           5         1         1 ioctl
  0,47    0,000005           5         1           getuid
  0,47    0,000005           5         1           prlimit64
  0,38    0,000004           4         1           geteuid
  0,38    0,000004           4         1           arch_prctl
  0,38    0,000004           4         1           set_tid_address
  0,38    0,000004           4         1           rseq
  0,28    0,000003           3         1           set_robust_list
------ ----------- ----------- --------- --------- ----------------
100,00    0,001056           9       108        17 total
