% time     seconds  usecs/call     calls    errors syscall
------ ----------- ----------- --------- --------- ----------------
 23,02    0,000093           4        21        12 openat
 17,08    0,000069           9         7           mprotect
 16,34    0,000066           2        27           mmap
  7,67    0,000031           3         9           read
  6,44    0,000026           2        11           close
  4,46    0,000018           1        10           fstat
  4,21    0,000017          17         1           munmap
  4,21    0,000017           8         2         2 statfs
  2,97    0,000012           4         3           brk
  1,73    0,000007           3         2           dup
  1,49    0,000006           3         2         2 access
  1,24    0,000005           5         1           write
  1,24    0,000005           5         1         1 ioctl
  1,24    0,000005           5         1           prlimit64
  0,99    0,000004           4         1           getuid
  0,99    0,000004           4         1           geteuid
  0,99    0,000004           4         1           arch_prctl
  0,99    0,000004           4         1           set_tid_address
  0,99    0,000004           4         1           getrandom
  0,99    0,000004           4         1           rseq
  0,74    0,000003           3         1           set_robust_list
  0,00    0,000000           0         2           pread64
  0,00    0,000000           0         1           execve
------ ----------- ----------- --------- --------- ----------------
100,00    0,000404           3       108        17 total
