% time     seconds  usecs/call     calls    errors syscall
------ ----------- ----------- --------- --------- ----------------
 29,81    0,000107           5        21        12 openat
 20,33    0,000073          10         7           mprotect
  8,91    0,000032           3         9           read
  6,41    0,000023           2        11           close
  6,13    0,000022           2        10           fstat
  5,01    0,000018           9         2         2 statfs
  4,74    0,000017          17         1           munmap
  3,90    0,000014           4         3           brk
  2,79    0,000010           0        27           mmap
  2,23    0,000008           4         2           dup
  1,67    0,000006           6         1           write
  1,67    0,000006           3         2         2 access
  1,39    0,000005           5         1         1 ioctl
  1,39    0,000005           5         1           getuid
  1,39    0,000005           5         1           getrandom
  1,11    0,000004           4         1           geteuid
  1,11    0,000004           4         1           prlimit64
  0,00    0,000000           0         2           pread64
  0,00    0,000000           0         1           execve
  0,00    0,000000           0         1           arch_prctl
  0,00    0,000000           0         1           set_tid_address
  0,00    0,000000           0         1           set_robust_list
  0,00    0,000000           0         1           rseq
------ ----------- ----------- --------- --------- ----------------
100,00    0,000359           3       108        17 total
