% time     seconds  usecs/call     calls    errors syscall
------ ----------- ----------- --------- --------- ----------------
 35,08    0,000241           8        27           mmap
 18,78    0,000129           6        21        12 openat
  9,90    0,000068           9         7           mprotect
  6,99    0,000048           5         9           read
  5,97    0,000041           3        11           close
  5,82    0,000040           4        10           fstat
  3,20    0,000022          11         2         2 statfs
  2,47    0,000017          17         1           munmap
  2,04    0,000014           4         3           brk
  1,31    0,000009           4         2           dup
  1,16    0,000008           4         2           pread64
  0,87    0,000006           3         2         2 access
  0,73    0,000005           5         1           write
  0,73    0,000005           5         1         1 ioctl
  0,73    0,000005           5         1           getuid
  0,73    0,000005           5         1           getrandom
  0,58    0,000004           4         1           geteuid
  0,58    0,000004           4         1           arch_prctl
  0,58    0,000004           4         1           set_tid_address
  0,58    0,000004           4         1           set_robust_list
  0,58    0,000004           4         1           prlimit64
  0,58    0,000004           4         1           rseq
  0,00    0,000000           0         1           execve
------ ----------- ----------- --------- --------- ----------------
100,00    0,000687           6       108        17 total
