% time     seconds  usecs/call     calls    errors syscall
------ ----------- ----------- --------- --------- ----------------
 26,19    0,000269         269         1           execve
 25,12    0,000258           9        27           mmap
 14,61    0,000150           7        21        12 openat
  6,91    0,000071          10         7           mprotect
  5,26    0,000054           6         9           read
  4,77    0,000049           4        11           close
  4,38    0,000045           4        10           fstat
  1,85    0,000019          19         1           munmap
  1,75    0,000018           6         3           brk
  1,75    0,000018           9         2         2 statfs
  1,27    0,000013           6         2         2 access
  0,88    0,000009           4         2           pread64
  0,88    0,000009           4         2           dup
  0,49    0,000005           5         1           write
  0,49    0,000005           5         1         1 ioctl
  0,49    0,000005           5         1           arch_prctl
  0,49    0,000005           5         1           prlimit64
  0,49    0,000005           5         1           getrandom
  0,49    0,000005           5         1           rseq
  0,39    0,000004           4         1           getuid
  0,39    0,000004           4         1           set_tid_address
  0,39    0,000004           4         1           set_robust_list
  0,29    0,000003           3         1           geteuid
------ ----------- ----------- --------- --------- ----------------
100,00    0,001027           9       108        17 total
