% time     seconds  usecs/call     calls    errors syscall
------ ----------- ----------- --------- --------- ----------------
 23,30    0,000295         295         1           execve
 21,09    0,000267           9        27           mmap
 10,82    0,000137          10        13           openat
  9,16    0,000116           8        14           read
  5,92    0,000075          10         7           mprotect
  5,29    0,000067           4        15           close
  3,95    0,000050           4        12           fstat
  3,32    0,000042           5         8         7 readlink
  2,45    0,000031          31         1           munmap
  2,21    0,000028           7         4           newfstatat
  1,58    0,000020           6         3           brk
  1,58    0,000020          10         2         2 statfs
  1,26    0,000016           8         2         2 access
  1,11    0,000014           4         3           geteuid
  0,95    0,000012           4         3           getuid
  0,63    0,000008           4         2           pread64
  0,63    0,000008           4         2           dup
  0,63    0,000008           4         2           prctl
  0,47    0,000006           3         2           getgid
  0,47    0,000006           3         2           getegid
  0,39    0,000005           5         1           write
  0,39    0,000005           5         1           prlimit64
  0,39    0,000005           5         1           getrandom
  0,32    0,000004           4         1           uname
  0,32    0,000004           4         1           fcntl
  0,32    0,000004           4         1           arch_prctl
  0,32    0,000004           4         1           set_tid_address
  0,24    0,000003           3         1         1 ioctl
  0,24    0,000003           3         1           set_robust_list
  0,24    0,000003           3         1           rseq
------ ----------- ----------- --------- --------- ----------------
100,00    0,001266           9       135        12 total
