% time     seconds  usecs/call     calls    errors syscall
------ ----------- ----------- --------- --------- ----------------
 38,98    0,000320          11        27           mmap
 12,55    0,000103           7        13           openat
 10,48    0,000086           5        15           read
  6,94    0,000057           8         7           mprotect
  6,33    0,000052           3        15           close
  4,99    0,000041           3        12           fstat
  4,02    0,000033           3        10         9 readlink
  1,95    0,000016           4         4           newfstatat
  1,34    0,000011          11         1           munmap
  1,34    0,000011           5         2         2 statfs
  1,22    0,000010           5         2         2 access
  1,10    0,000009           3         3           brk
  1,10    0,000009           4         2           pread64
  0,85    0,000007           2         3           getuid
  0,85    0,000007           2         3           geteuid
  0,73    0,000006           3         2           getegid
  0,61    0,000005           2         2           getgid
  0,61    0,000005           2         2           prctl
  0,49    0,000004           2         2           dup
  0,49    0,000004           4         1           arch_prctl
  0,49    0,000004           4         1           rseq
  0,37    0,000003           3         1           uname
  0,37    0,000003           3         1           set_tid_address
  0,37    0,000003           3         1           set_robust_list
  0,37    0,000003           3         1           prlimit64
  0,37    0,000003           3         1           getrandom
  0,24    0,000002           2         1           write
  0,24    0,000002           2         1         1 ioctl
  0,24    0,000002           2         1           fcntl
  0,00    0,000000           0         1           execve
------ ----------- ----------- --------- --------- ----------------
100,00    0,000821           5       138        14 total
