% time     seconds  usecs/call     calls    errors syscall
------ ----------- ----------- --------- --------- ----------------
 34,15    0,000098           4        21        12 openat
 10,80    0,000031           3         9           read
  7,67    0,000022           2        11           close
  6,97    0,000020           2         7           mprotect
  6,62    0,000019           9         2         2 statfs
  6,27    0,000018           1        10           fstat
  6,27    0,000018          18         1           munmap
  4,18    0,000012           4         3           brk
  3,48    0,000010           0        27           mmap
  2,79    0,000008           4         2           dup
  2,09    0,000006           3         2         2 access
  1,74    0,000005           5         1           write
  1,74    0,000005           5         1           getrandom
  1,39    0,000004           4         1         1 ioctl
  1,39    0,000004           4         1           getuid
  1,39    0,000004           4         1           prlimit64
  1,05    0,000003           3         1           geteuid
  0,00    0,000000           0         2           pread64
  0,00    0,000000           0         1           execve
  0,00    0,000000           0         1           arch_prctl
  0,00    0,000000           0         1           set_tid_address
  0,00    0,000000           0         1           set_robust_list
  0,00    0,000000           0         1           rseq
------ ----------- ----------- --------- --------- ----------------
100,00    0,000287           2       108        17 total
