% time     seconds  usecs/call     calls    errors syscall
------ ----------- ----------- --------- --------- ----------------
 29,76    0,000297         297         1           execve
 28,36    0,000283          10        27           mmap
  7,92    0,000079           6        13           openat
  7,62    0,000076          10         7           mprotect
  6,11    0,000061           4        15           read
  5,11    0,000051           3        15           close
  3,61    0,000036           3        12           fstat
  2,00    0,000020          10         2         2 statfs
  1,90    0,000019           6         3           brk
  1,80    0,000018          18         1           munmap
  1,30    0,000013           6         2         2 access
  0,80    0,000008           4         2           pread64
  0,70    0,000007           0        10         9 readlink
  0,50    0,000005           5         1           prlimit64
  0,50    0,000005           5         1           getrandom
  0,40    0,000004           2         2           dup
  0,40    0,000004           4         1           arch_prctl
  0,30    0,000003           3         1           write
  0,30    0,000003           3         1           set_tid_address
  0,30    0,000003           3         1           set_robust_list
  0,30    0,000003           3         1           rseq
  0,00    0,000000           0         1         1 ioctl
  0,00    0,000000           0         1           uname
  0,00    0,000000           0         1           fcntl
  0,00    0,000000           0         3           getuid
  0,00    0,000000           0         2           getgid
  0,00    0,000000           0         3           geteuid
  0,00    0,000000           0         2           getegid
  0,00    0,000000           0         2           prctl
  0,00    0,000000           0         4           newfstatat
------ ----------- ----------- --------- --------- ----------------
100,00    0,000998           7       138        14 total
