% time     seconds  usecs/call     calls    errors syscall
------ ----------- ----------- --------- --------- ----------------
 27,57    0,000263           9        27           mmap
 13,63    0,000130          10        13           openat
 13,31    0,000127           8        15           read
  7,97    0,000076          10         7           mprotect
  7,02    0,000067           4        15           close
  5,56    0,000053           4        12           fstat
  5,56    0,000053           5        10         9 readlink
  2,94    0,000028           7         4           newfstatat
  1,78    0,000017          17         1           munmap
  1,68    0,000016           8         2         2 statfs
  1,47    0,000014           4         3           getuid
  1,36    0,000013           4         3           brk
  1,26    0,000012           6         2         2 access
  1,05    0,000010           3         3           geteuid
  0,84    0,000008           4         2           pread64
  0,73    0,000007           3         2           dup
  0,73    0,000007           3         2           prctl
  0,63    0,000006           3         2           getgid
  0,63    0,000006           3         2           getegid
  0,52    0,000005           5         1           uname
  0,52    0,000005           5         1           getrandom
  0,42    0,000004           4         1           write
  0,42    0,000004           4         1         1 ioctl
  0,42    0,000004           4         1           fcntl
  0,42    0,000004           4         1           arch_prctl
  0,42    0,000004           4         1           set_robust_list
  0,42    0,000004           4         1           prlimit64
  0,42    0,000004           4         1           rseq
  0,31    0,000003           3         1           set_tid_address
  0,00    0,000000           0         1           execve
------ ----------- ----------- --------- --------- ----------------
100,00    0,000954           6       138        14 total
