% time     seconds  usecs/call     calls    errors syscall
------ ----------- ----------- --------- --------- ----------------
 68,99    0,002885          21       133           read
  9,06    0,000379           3       112           lseek
  7,46    0,000312           5        54        16 openat
  3,20    0,000134           3        40           close
  2,53    0,000106          21         5           munmap
  2,22    0,000093           3        27        12 ioctl
  1,12    0,000047           3        14         9 readlink
  1,05    0,000044           1        23           fstat
  1,05    0,000044           6         7           brk
  0,81    0,000034           5         6           newfstatat
  0,74    0,000031           1        31           mmap
  0,53    0,000022           4         5         3 faccessat2
  0,43    0,000018           3         5           fcntl
  0,38    0,000016           3         5           fadvise64
  0,19    0,000008           4         2           dup
  0,12    0,000005           5         1           write
  0,10    0,000004           4         1           uname
  0,00    0,000000           0         7           mprotect
  0,00    0,000000           0         2           pread64
  0,00    0,000000           0         2         2 access
  0,00    0,000000           0         1           execve
  0,00    0,000000           0         3           getuid
  0,00    0,000000           0         2           getgid
  0,00    0,000000           0         3           geteuid
  0,00    0,000000           0         2           getegid
  0,00    0,000000           0         2         2 statfs
  0,00    0,000000           0         2           prctl
  0,00    0,000000           0         1           arch_prctl
  0,00    0,000000           0         1           set_tid_address
  0,00    0,000000           0         1           set_robust_list
  0,00    0,000000           0         1           prlimit64
  0,00    0,000000           0         1           getrandom
  0,00    0,000000           0         1           rseq
------ ----------- ----------- --------- --------- ----------------
100,00    0,004182           8       503        44 total
