% time     seconds  usecs/call     calls    errors syscall
------ ----------- ----------- --------- --------- ----------------
 32,80    0,000682         682         1           mount
 15,25    0,000317         317         1           execve
 13,76    0,000286          10        27           mmap
  5,68    0,000118           9        13           read
  5,63    0,000117           9        12           openat
  3,51    0,000073           5        14           close
  3,13    0,000065           5        11         9 readlink
  2,98    0,000062           8         7           mprotect
  2,21    0,000046           4        11           fstat
  2,02    0,000042           8         5         3 statx
  1,92    0,000040           5         7           newfstatat
  1,49    0,000031          15         2         1 ioctl
  1,20    0,000025           6         4         3 access
  0,82    0,000017          17         1           munmap
  0,82    0,000017           5         3           brk
  0,82    0,000017           8         2           dup
  0,82    0,000017           3         5           getuid
  0,82    0,000017           3         5           geteuid
  0,82    0,000017           8         2         2 statfs
  0,67    0,000014           3         4           getegid
  0,58    0,000012           3         4           getgid
  0,53    0,000011           3         3           prctl
  0,43    0,000009           4         2           pread64
  0,24    0,000005           5         1           uname
  0,24    0,000005           5         1           getrandom
  0,19    0,000004           4         1           arch_prctl
  0,19    0,000004           4         1           prlimit64
  0,14    0,000003           3         1           set_tid_address
  0,14    0,000003           3         1           set_robust_list
  0,14    0,000003           3         1           rseq
------ ----------- ----------- --------- --------- ----------------
100,00    0,002079          13       153        18 total
