% time     seconds  usecs/call     calls    errors syscall
------ ----------- ----------- --------- --------- ----------------
 35,50    0,000268           9        27           mmap
 12,32    0,000093           7        13           openat
 11,92    0,000090           6        15           read
  7,68    0,000058           8         7           mprotect
  6,49    0,000049           3        15           close
  5,43    0,000041           3        12           fstat
  4,50    0,000034           3        10         9 readlink
  2,25    0,000017           4         4           newfstatat
  1,46    0,000011          11         1           munmap
  1,46    0,000011           5         2         2 statfs
  1,19    0,000009           3         3           brk
  1,06    0,000008           4         2           pread64
  0,93    0,000007           2         3           getuid
  0,93    0,000007           2         3           geteuid
  0,66    0,000005           2         2           prctl
  0,53    0,000004           2         2         2 access
  0,53    0,000004           2         2           dup
  0,53    0,000004           4         1           fcntl
  0,53    0,000004           2         2           getgid
  0,53    0,000004           2         2           getegid
  0,53    0,000004           4         1           arch_prctl
  0,53    0,000004           4         1           rseq
  0,40    0,000003           3         1         1 ioctl
  0,40    0,000003           3         1           uname
  0,40    0,000003           3         1           set_tid_address
  0,40    0,000003           3         1           set_robust_list
  0,40    0,000003           3         1           getrandom
  0,26    0,000002           2         1           write
  0,26    0,000002           2         1           prlimit64
  0,00    0,000000           0         1           execve
------ ----------- ----------- --------- --------- ----------------
100,00    0,000755           5       138        14 total
