% time     seconds  usecs/call     calls    errors syscall
------ ----------- ----------- --------- --------- ----------------
 35,20    0,000283          10        27           mmap
 18,28    0,000147           7        21        12 openat
 11,82    0,000095          13         7           mprotect
  7,46    0,000060           6         9           read
  5,72    0,000046           4        11           close
  5,35    0,000043           4        10           fstat
  2,74    0,000022          22         1           munmap
  2,24    0,000018           9         2         2 statfs
  1,74    0,000014           4         3           brk
  1,74    0,000014           7         2           pread64
  1,62    0,000013           6         2         2 access
  0,87    0,000007           3         2           dup
  0,62    0,000005           5         1           write
  0,62    0,000005           5         1           prlimit64
  0,62    0,000005           5         1           getrandom
  0,50    0,000004           4         1         1 ioctl
  0,50    0,000004           4         1           getuid
  0,50    0,000004           4         1           geteuid
  0,50    0,000004           4         1           arch_prctl
  0,50    0,000004           4         1           set_robust_list
  0,50    0,000004           4         1           rseq
  0,37    0,000003           3         1           set_tid_address
  0,00    0,000000           0         1           execve
------ ----------- ----------- --------- --------- ----------------
100,00    0,000804           7       108        17 total
