% time     seconds  usecs/call     calls    errors syscall
------ ----------- ----------- --------- --------- ----------------
 17,55    0,000043           3        13           openat
 17,14    0,000042           4        10         9 readlink
 16,73    0,000041           2        15           read
 14,69    0,000036           2        15           close
 11,43    0,000028           7         4           newfstatat
  5,31    0,000013           1        12           fstat
  2,86    0,000007           3         2           dup
  2,04    0,000005           5         1           write
  1,63    0,000004           4         1         1 ioctl
  1,63    0,000004           4         1           uname
  1,63    0,000004           4         1           fcntl
  1,63    0,000004           1         3           getuid
  1,63    0,000004           2         2           getgid
  1,63    0,000004           2         2           prctl
  1,22    0,000003           1         3           geteuid
  1,22    0,000003           1         2           getegid
  0,00    0,000000           0        27           mmap
  0,00    0,000000           0         7           mprotect
  0,00    0,000000           0         1           munmap
  0,00    0,000000           0         3           brk
  0,00    0,000000           0         2           pread64
  0,00    0,000000           0         2         2 access
  0,00    0,000000           0         1           execve
  0,00    0,000000           0         2         2 statfs
  0,00    0,000000           0         1           arch_prctl
  0,00    0,000000           0         1           set_tid_address
  0,00    0,000000           0         1           set_robust_list
  0,00    0,000000           0         1           prlimit64
  0,00    0,000000           0         1           getrandom
  0,00    0,000000           0         1           rseq
------ ----------- ----------- --------- --------- ----------------
100,00    0,000245           1       138        14 total
