% time     seconds  usecs/call     calls    errors syscall
------ ----------- ----------- --------- --------- ----------------
 23,14    0,000355          10        33           mmap
 19,82    0,000304         304         1           execve
 14,67    0,000225           7        29        12 openat
  8,28    0,000127           5        22           read
  6,19    0,000095           5        19           close
  5,35    0,000082          10         8           mprotect
  4,50    0,000069           4        16           fstat
  3,06    0,000047           4        11           write
  1,96    0,000030          10         3           socket
  1,76    0,000027          13         2         2 connect
  1,43    0,000022           5         4           newfstatat
  1,24    0,000019           6         3         2 access
  1,11    0,000017          17         1           munmap
  1,04    0,000016           8         2         2 statfs
  0,98    0,000015           5         3           brk
  0,98    0,000015           3         4           prctl
  0,78    0,000012           4         3           lseek
  0,59    0,000009           4         2           pread64
  0,59    0,000009           4         2           getuid
  0,33    0,000005           5         1           fstatfs
  0,33    0,000005           5         1           getrandom
  0,33    0,000005           5         1           rseq
  0,26    0,000004           4         1           getpid
  0,26    0,000004           4         1           fcntl
  0,26    0,000004           4         1           arch_prctl
  0,26    0,000004           4         1           set_tid_address
  0,26    0,000004           4         1           set_robust_list
  0,26    0,000004           4         1           prlimit64
------ ----------- ----------- --------- --------- ----------------
100,00    0,001534           8       177        18 total
