% time     seconds  usecs/call     calls    errors syscall
------ ----------- ----------- --------- --------- ----------------
 22,20    0,000351           8        41           mmap
 16,64    0,000263           6        40        18 openat
  9,23    0,000146           5        28           read
  7,08    0,000112           4        25           close
  5,88    0,000093           9        10           mprotect
  5,63    0,000089           3        24           fstat
  4,49    0,000071           3        23           rt_sigaction
  3,86    0,000061           3        18           prlimit64
  3,16    0,000050          25         2           sendto
  2,34    0,000037           5         7         2 newfstatat
  2,09    0,000033           8         4           recvmsg
  1,77    0,000028           3         9           fcntl
  1,64    0,000026           8         3           socket
  1,52    0,000024          12         2         2 connect
  1,20    0,000019           4         4         1 ioctl
  1,20    0,000019           3         6           prctl
  1,14    0,000018          18         1           munmap
  0,89    0,000014           7         2         2 statfs
  0,76    0,000012           4         3           brk
  0,70    0,000011           5         2         2 access
  0,51    0,000008           4         2           pread64
  0,44    0,000007           3         2           lseek
  0,44    0,000007           3         2           umask
  0,44    0,000007           3         2           geteuid
  0,38    0,000006           3         2           getgroups
  0,32    0,000005           5         1           bind
  0,32    0,000005           5         1           getcwd
  0,25    0,000004           4         1           write
  0,25    0,000004           4         1           uname
  0,25    0,000004           4         1           getgid
  0,25    0,000004           4         1           getppid
  0,25    0,000004           4         1           fstatfs
  0,25    0,000004           4         1           arch_prctl
  0,25    0,000004           4         1           getrandom
  0,25    0,000004           4         1           rseq
  0,19    0,000003           3         1           rt_sigprocmask
  0,19    0,000003           3         1           getpid
  0,19    0,000003           3         1           getsockname
  0,19    0,000003           3         1           getuid
  0,19    0,000003           3         1           getegid
  0,19    0,000003           3         1           getpgid
  0,19    0,000003           3         1           getsid
  0,19    0,000003           3         1           set_tid_address
  0,19    0,000003           3         1           set_robust_list
  0,00    0,000000           0         1           execve
------ ----------- ----------- --------- --------- ----------------
100,00    0,001581           5       284        27 total
