% time     seconds  usecs/call     calls    errors syscall
------ ----------- ----------- --------- --------- ----------------
 32,89    0,000100           4        21        12 openat
 20,07    0,000061           8         7           mprotect
  7,24    0,000022           2        11           close
  5,92    0,000018           2         8           read
  5,92    0,000018          18         1           munmap
  5,26    0,000016           4         4           prctl
  4,93    0,000015           1         9           fstat
  4,28    0,000013           4         3           brk
  3,29    0,000010           0        27           mmap
  2,63    0,000008           4         2           dup
  1,64    0,000005           5         1           write
  1,64    0,000005           5         1           fstatfs
  1,64    0,000005           5         1           getrandom
  1,32    0,000004           4         1         1 ioctl
  1,32    0,000004           4         1           prlimit64
  0,00    0,000000           0         2           pread64
  0,00    0,000000           0         1         1 access
  0,00    0,000000           0         1           execve
  0,00    0,000000           0         1           arch_prctl
  0,00    0,000000           0         1           set_tid_address
  0,00    0,000000           0         1           set_robust_list
  0,00    0,000000           0         1           rseq
------ ----------- ----------- --------- --------- ----------------
100,00    0,000304           2       106        14 total
