% time     seconds  usecs/call     calls    errors syscall
------ ----------- ----------- --------- --------- ----------------
 26,98    0,000273         273         1           execve
 25,20    0,000255           9        27           mmap
 15,81    0,000160           7        21        12 openat
  6,42    0,000065           9         7           mprotect
  4,94    0,000050           5         9           fstat
  4,84    0,000049           4        11           close
  4,64    0,000047           5         8           read
  1,88    0,000019          19         1           munmap
  1,78    0,000018           6         3           brk
  1,58    0,000016           4         4           prctl
  0,89    0,000009           4         2           dup
  0,79    0,000008           4         2           pread64
  0,49    0,000005           5         1           write
  0,49    0,000005           5         1         1 ioctl
  0,49    0,000005           5         1         1 access
  0,49    0,000005           5         1           prlimit64
  0,49    0,000005           5         1           getrandom
  0,40    0,000004           4         1           fstatfs
  0,40    0,000004           4         1           arch_prctl
  0,40    0,000004           4         1           set_tid_address
  0,30    0,000003           3         1           set_robust_list
  0,30    0,000003           3         1           rseq
------ ----------- ----------- --------- --------- ----------------
100,00    0,001012           9       106        14 total
