% time     seconds  usecs/call     calls    errors syscall
------ ----------- ----------- --------- --------- ----------------
 47,47    0,000347          12        27           mmap
 20,25    0,000148           7        21        12 openat
  6,43    0,000047           6         7           mprotect
  5,34    0,000039           3        11           close
  5,20    0,000038           4         8           read
  4,79    0,000035           3         9           fstat
  1,78    0,000013          13         1           munmap
  1,50    0,000011           2         4           prctl
  1,23    0,000009           3         3           brk
  1,09    0,000008           4         2           pread64
  0,82    0,000006           3         2           dup
  0,55    0,000004           4         1         1 ioctl
  0,55    0,000004           4         1           fstatfs
  0,55    0,000004           4         1           rseq
  0,41    0,000003           3         1           write
  0,41    0,000003           3         1           arch_prctl
  0,41    0,000003           3         1           set_tid_address
  0,41    0,000003           3         1           set_robust_list
  0,41    0,000003           3         1           prlimit64
  0,41    0,000003           3         1           getrandom
  0,00    0,000000           0         1         1 access
  0,00    0,000000           0         1           execve
------ ----------- ----------- --------- --------- ----------------
100,00    0,000731           6       106        14 total
