% time     seconds  usecs/call     calls    errors syscall
------ ----------- ----------- --------- --------- ----------------
 44,38    0,000308         308         1           execve
 34,01    0,000236           8        27           mmap
  6,77    0,000047           2        21        12 openat
  3,46    0,000024           3         8           read
  3,46    0,000024           2         9           fstat
  3,17    0,000022           2        11           close
  1,15    0,000008           4         2           pread64
  0,86    0,000006           6         1         1 access
  0,72    0,000005           1         3           brk
  0,58    0,000004           4         1           arch_prctl
  0,58    0,000004           4         1           rseq
  0,43    0,000003           3         1           set_tid_address
  0,43    0,000003           3         1           set_robust_list
  0,00    0,000000           0         1           write
  0,00    0,000000           0         7           mprotect
  0,00    0,000000           0         1           munmap
  0,00    0,000000           0         1         1 ioctl
  0,00    0,000000           0         2           dup
  0,00    0,000000           0         1           fstatfs
  0,00    0,000000           0         4           prctl
  0,00    0,000000           0         1           prlimit64
  0,00    0,000000           0         1           getrandom
------ ----------- ----------- --------- --------- ----------------
100,00    0,000694           6       106        14 total
