% time     seconds  usecs/call     calls    errors syscall
------ ----------- ----------- --------- --------- ----------------
 38,42    0,000234           8        27           mmap
 20,20    0,000123           5        21        12 openat
  9,20    0,000056           8         7           mprotect
  6,24    0,000038           4         8           read
  5,75    0,000035           3        11           close
  4,93    0,000030           3         9           fstat
  2,63    0,000016          16         1           munmap
  2,13    0,000013           4         3           brk
  2,13    0,000013           3         4           prctl
  1,31    0,000008           4         2           pread64
  0,99    0,000006           3         2           dup
  0,82    0,000005           5         1           write
  0,82    0,000005           5         1           fstatfs
  0,82    0,000005           5         1           getrandom
  0,66    0,000004           4         1         1 ioctl
  0,66    0,000004           4         1           set_tid_address
  0,66    0,000004           4         1           set_robust_list
  0,66    0,000004           4         1           rseq
  0,49    0,000003           3         1           arch_prctl
  0,49    0,000003           3         1           prlimit64
  0,00    0,000000           0         1         1 access
  0,00    0,000000           0         1           execve
------ ----------- ----------- --------- --------- ----------------
100,00    0,000609           5       106        14 total
