% time     seconds  usecs/call     calls    errors syscall
------ ----------- ----------- --------- --------- ----------------
 27,61    0,000272          10        27           mmap
 27,11    0,000267         267         1           execve
 14,21    0,000140           6        21        12 openat
  6,19    0,000061           8         7           mprotect
  4,57    0,000045           5         8           read
  4,37    0,000043           3        11           close
  3,96    0,000039           4         9           fstat
  2,44    0,000024           8         3           brk
  1,83    0,000018          18         1           munmap
  1,52    0,000015           3         4           prctl
  0,81    0,000008           4         2           pread64
  0,81    0,000008           8         1         1 access
  0,61    0,000006           3         2           dup
  0,61    0,000006           6         1           getrandom
  0,51    0,000005           5         1           write
  0,51    0,000005           5         1         1 ioctl
  0,51    0,000005           5         1           fstatfs
  0,41    0,000004           4         1           arch_prctl
  0,41    0,000004           4         1           set_robust_list
  0,41    0,000004           4         1           prlimit64
  0,30    0,000003           3         1           set_tid_address
  0,30    0,000003           3         1           rseq
------ ----------- ----------- --------- --------- ----------------
100,00    0,000985           9       106        14 total
