% time     seconds  usecs/call     calls    errors syscall
------ ----------- ----------- --------- --------- ----------------
 30,70    0,000373         373         1           execve
 26,42    0,000321          11        27           mmap
 14,73    0,000179           8        21        12 openat
  5,10    0,000062           5        11           close
  5,02    0,000061           8         7           mprotect
  4,36    0,000053           6         8           read
  4,36    0,000053           5         9           fstat
  1,48    0,000018          18         1           munmap
  1,48    0,000018           6         3           brk
  1,23    0,000015           3         4           prctl
  0,74    0,000009           4         2           pread64
  0,58    0,000007           7         1         1 access
  0,58    0,000007           3         2           dup
  0,41    0,000005           5         1           fstatfs
  0,41    0,000005           5         1           arch_prctl
  0,41    0,000005           5         1           getrandom
  0,33    0,000004           4         1           write
  0,33    0,000004           4         1         1 ioctl
  0,33    0,000004           4         1           set_tid_address
  0,33    0,000004           4         1           set_robust_list
  0,33    0,000004           4         1           prlimit64
  0,33    0,000004           4         1           rseq
------ ----------- ----------- --------- --------- ----------------
100,00    0,001215          11       106        14 total
