% time     seconds  usecs/call     calls    errors syscall
------ ----------- ----------- --------- --------- ----------------
 37,65    0,000285         285         1           execve
 30,91    0,000234           8        27           mmap
  9,64    0,000073           3        21        12 openat
  4,62    0,000035           5         7           mprotect
  4,10    0,000031           2        11           close
  3,70    0,000028           3         9           fstat
  3,04    0,000023           2         8           read
  1,06    0,000008           4         2           pread64
  0,92    0,000007           3         2           dup
  0,79    0,000006           6         1         1 access
  0,66    0,000005           5         1           write
  0,53    0,000004           1         3           brk
  0,53    0,000004           4         1         1 ioctl
  0,53    0,000004           4         1           arch_prctl
  0,53    0,000004           4         1           set_tid_address
  0,40    0,000003           3         1           set_robust_list
  0,40    0,000003           3         1           rseq
  0,00    0,000000           0         1           munmap
  0,00    0,000000           0         1           fstatfs
  0,00    0,000000           0         4           prctl
  0,00    0,000000           0         1           prlimit64
  0,00    0,000000           0         1           getrandom
------ ----------- ----------- --------- --------- ----------------
100,00    0,000757           7       106        14 total
