% time     seconds  usecs/call     calls    errors syscall
------ ----------- ----------- --------- --------- ----------------
 36,63    0,000300         300         1           execve
 31,75    0,000260           9        27           mmap
 13,43    0,000110           5        21        12 openat
  4,40    0,000036           4         8           read
  4,27    0,000035           3        11           close
  3,66    0,000030           3         9           fstat
  1,22    0,000010           5         2           pread64
  0,85    0,000007           7         1         1 access
  0,61    0,000005           2         2           dup
  0,49    0,000004           1         3           brk
  0,49    0,000004           4         1         1 ioctl
  0,49    0,000004           4         1           arch_prctl
  0,49    0,000004           4         1           set_robust_list
  0,49    0,000004           4         1           rseq
  0,37    0,000003           3         1           write
  0,37    0,000003           3         1           set_tid_address
  0,00    0,000000           0         7           mprotect
  0,00    0,000000           0         1           munmap
  0,00    0,000000           0         1           fstatfs
  0,00    0,000000           0         4           prctl
  0,00    0,000000           0         1           prlimit64
  0,00    0,000000           0         1           getrandom
------ ----------- ----------- --------- --------- ----------------
100,00    0,000819           7       106        14 total
