% time     seconds  usecs/call     calls    errors syscall
------ ----------- ----------- --------- --------- ----------------
 37,21    0,000016           0        21        12 openat
 16,28    0,000007           0        11           close
 16,28    0,000007           3         2           dup
 11,63    0,000005           0         9           fstat
  9,30    0,000004           4         1           write
  9,30    0,000004           4         1         1 ioctl
  0,00    0,000000           0         8           read
  0,00    0,000000           0        27           mmap
  0,00    0,000000           0         7           mprotect
  0,00    0,000000           0         1           munmap
  0,00    0,000000           0         3           brk
  0,00    0,000000           0         2           pread64
  0,00    0,000000           0         1         1 access
  0,00    0,000000           0         1           execve
  0,00    0,000000           0         1           fstatfs
  0,00    0,000000           0         4           prctl
  0,00    0,000000           0         1           arch_prctl
  0,00    0,000000           0         1           set_tid_address
  0,00    0,000000           0         1           set_robust_list
  0,00    0,000000           0         1           prlimit64
  0,00    0,000000           0         1           getrandom
  0,00    0,000000           0         1           rseq
------ ----------- ----------- --------- --------- ----------------
100,00    0,000043           0       106        14 total
