% time     seconds  usecs/call     calls    errors syscall
------ ----------- ----------- --------- --------- ----------------
 59,79    0,000116           5        21        12 openat
 27,32    0,000053           4        11           close
  4,12    0,000008           4         2           dup
  3,09    0,000006           6         1           write
  3,09    0,000006           0         9           fstat
  2,58    0,000005           5         1         1 ioctl
  0,00    0,000000           0         8           read
  0,00    0,000000           0        27           mmap
  0,00    0,000000           0         7           mprotect
  0,00    0,000000           0         1           munmap
  0,00    0,000000           0         3           brk
  0,00    0,000000           0         2           pread64
  0,00    0,000000           0         1         1 access
  0,00    0,000000           0         1           execve
  0,00    0,000000           0         1           fstatfs
  0,00    0,000000           0         4           prctl
  0,00    0,000000           0         1           arch_prctl
  0,00    0,000000           0         1           set_tid_address
  0,00    0,000000           0         1           set_robust_list
  0,00    0,000000           0         1           prlimit64
  0,00    0,000000           0         1           getrandom
  0,00    0,000000           0         1           rseq
------ ----------- ----------- --------- --------- ----------------
100,00    0,000194           1       106        14 total
