% time     seconds  usecs/call     calls    errors syscall
------ ----------- ----------- --------- --------- ----------------
 27,67    0,000363         363         1           execve
 25,38    0,000333          12        27           mmap
 15,24    0,000200           9        21        12 openat
  6,17    0,000081          11         7           mprotect
  4,95    0,000065           7         9           fstat
  4,80    0,000063           5        11           close
  4,42    0,000058           7         8           read
  1,98    0,000026           8         3           brk
  1,83    0,000024          24         1           munmap
  1,52    0,000020           5         4           prctl
  0,76    0,000010           5         2           pread64
  0,76    0,000010           5         2           dup
  0,61    0,000008           8         1         1 access
  0,53    0,000007           7         1         1 ioctl
  0,53    0,000007           7         1           fstatfs
  0,46    0,000006           6         1           write
  0,46    0,000006           6         1           prlimit64
  0,46    0,000006           6         1           getrandom
  0,38    0,000005           5         1           arch_prctl
  0,38    0,000005           5         1           set_tid_address
  0,38    0,000005           5         1           rseq
  0,30    0,000004           4         1           set_robust_list
------ ----------- ----------- --------- --------- ----------------
100,00    0,001312          12       106        14 total
