% time     seconds  usecs/call     calls    errors syscall
------ ----------- ----------- --------- --------- ----------------
 37,41    0,000153           5        27           mmap
 18,09    0,000074          10         7           mprotect
 11,49    0,000047           2        21        12 openat
  5,13    0,000021           1        11           close
  4,89    0,000020          20         1           munmap
  4,65    0,000019           4         4           prctl
  4,40    0,000018           2         8           read
  3,67    0,000015           1         9           fstat
  2,20    0,000009           3         3           brk
  1,47    0,000006           6         1           getrandom
  1,22    0,000005           5         1           fstatfs
  1,22    0,000005           5         1           prlimit64
  1,22    0,000005           5         1           rseq
  0,98    0,000004           4         1           arch_prctl
  0,98    0,000004           4         1           set_tid_address
  0,98    0,000004           4         1           set_robust_list
  0,00    0,000000           0         1           write
  0,00    0,000000           0         1         1 ioctl
  0,00    0,000000           0         2           pread64
  0,00    0,000000           0         1         1 access
  0,00    0,000000           0         2           dup
  0,00    0,000000           0         1           execve
------ ----------- ----------- --------- --------- ----------------
100,00    0,000409           3       106        14 total
