% time     seconds  usecs/call     calls    errors syscall
------ ----------- ----------- --------- --------- ----------------
 38,70    0,000274          10        27           mmap
 19,63    0,000139           6        21        12 openat
  9,04    0,000064           9         7           mprotect
  6,78    0,000048           4        11           close
  5,65    0,000040           5         8           read
  5,23    0,000037           4         9           fstat
  2,40    0,000017          17         1           munmap
  2,26    0,000016           4         4           prctl
  1,98    0,000014           4         3           brk
  1,41    0,000010           5         2           pread64
  1,13    0,000008           4         2           dup
  0,85    0,000006           6         1           getrandom
  0,71    0,000005           5         1           write
  0,71    0,000005           5         1         1 ioctl
  0,71    0,000005           5         1           fstatfs
  0,56    0,000004           4         1           arch_prctl
  0,56    0,000004           4         1           set_tid_address
  0,56    0,000004           4         1           set_robust_list
  0,56    0,000004           4         1           prlimit64
  0,56    0,000004           4         1           rseq
  0,00    0,000000           0         1         1 access
  0,00    0,000000           0         1           execve
------ ----------- ----------- --------- --------- ----------------
100,00    0,000708           6       106        14 total
