% time     seconds  usecs/call     calls    errors syscall
------ ----------- ----------- --------- --------- ----------------
 30,39    0,000327         327         1           execve
 26,77    0,000288          10        27           mmap
 13,57    0,000146           6        21        12 openat
  6,78    0,000073          10         7           mprotect
  4,37    0,000047           4        11           close
  3,90    0,000042           5         8           read
  3,72    0,000040           4         9           fstat
  1,67    0,000018          18         1           munmap
  1,67    0,000018           6         3           brk
  1,30    0,000014           3         4           prctl
  0,84    0,000009           4         2           pread64
  0,65    0,000007           7         1         1 access
  0,65    0,000007           3         2           dup
  0,56    0,000006           6         1           getrandom
  0,46    0,000005           5         1         1 ioctl
  0,46    0,000005           5         1           fstatfs
  0,46    0,000005           5         1           arch_prctl
  0,37    0,000004           4         1           write
  0,37    0,000004           4         1           set_tid_address
  0,37    0,000004           4         1           prlimit64
  0,37    0,000004           4         1           rseq
  0,28    0,000003           3         1           set_robust_list
------ ----------- ----------- --------- --------- ----------------
100,00    0,001076          10       106        14 total
