% time     seconds  usecs/call     calls    errors syscall
------ ----------- ----------- --------- --------- ----------------
 48,07    0,000087           4        21        12 openat
  9,39    0,000017           1        11           close
  7,18    0,000013           1         8           read
  6,63    0,000012           3         4           prctl
  6,08    0,000011           1         9           fstat
  6,08    0,000011           3         3           brk
  4,42    0,000008           0        27           mmap
  3,31    0,000006           3         2           dup
  2,76    0,000005           5         1           fstatfs
  2,21    0,000004           4         1         1 ioctl
  2,21    0,000004           4         1           getrandom
  1,66    0,000003           3         1           write
  0,00    0,000000           0         7           mprotect
  0,00    0,000000           0         1           munmap
  0,00    0,000000           0         2           pread64
  0,00    0,000000           0         1         1 access
  0,00    0,000000           0         1           execve
  0,00    0,000000           0         1           arch_prctl
  0,00    0,000000           0         1           set_tid_address
  0,00    0,000000           0         1           set_robust_list
  0,00    0,000000           0         1           prlimit64
  0,00    0,000000           0         1           rseq
------ ----------- ----------- --------- --------- ----------------
100,00    0,000181           1       106        14 total
