% time     seconds  usecs/call     calls    errors syscall
------ ----------- ----------- --------- --------- ----------------
 34,17    0,000424         424         1           execve
 26,19    0,000325          12        27           mmap
 13,46    0,000167           7        21        12 openat
  5,72    0,000071          10         7           mprotect
  4,43    0,000055           6         9           fstat
  3,79    0,000047           5         8           read
  3,55    0,000044           4        11           close
  1,61    0,000020          20         1           munmap
  1,53    0,000019           6         3           brk
  1,45    0,000018           4         4           prctl
  0,81    0,000010           5         2           pread64
  0,73    0,000009           9         1         1 access
  0,48    0,000006           6         1           getrandom
  0,40    0,000005           5         1           fstatfs
  0,40    0,000005           5         1           prlimit64
  0,32    0,000004           4         1           arch_prctl
  0,32    0,000004           4         1           set_tid_address
  0,32    0,000004           4         1           set_robust_list
  0,32    0,000004           4         1           rseq
  0,00    0,000000           0         1           write
  0,00    0,000000           0         1         1 ioctl
  0,00    0,000000           0         2           dup
------ ----------- ----------- --------- --------- ----------------
100,00    0,001241          11       106        14 total
