% time     seconds  usecs/call     calls    errors syscall
------ ----------- ----------- --------- --------- ----------------
 31,78    0,000232           8        27           mmap
 24,11    0,000176           8        21        12 openat
 12,88    0,000094          13         7           mprotect
  5,34    0,000039           4         8           read
  5,34    0,000039           3        11           close
  4,52    0,000033           3         9           fstat
  2,60    0,000019          19         1           munmap
  2,19    0,000016           4         4           prctl
  2,05    0,000015           5         3           brk
  2,05    0,000015          15         1           fstatfs
  1,23    0,000009           4         2           pread64
  1,10    0,000008           4         2           dup
  0,82    0,000006           6         1           getrandom
  0,68    0,000005           5         1           write
  0,68    0,000005           5         1         1 ioctl
  0,55    0,000004           4         1           arch_prctl
  0,55    0,000004           4         1           set_tid_address
  0,55    0,000004           4         1           prlimit64
  0,55    0,000004           4         1           rseq
  0,41    0,000003           3         1           set_robust_list
  0,00    0,000000           0         1         1 access
  0,00    0,000000           0         1           execve
------ ----------- ----------- --------- --------- ----------------
100,00    0,000730           6       106        14 total
