% time     seconds  usecs/call     calls    errors syscall
------ ----------- ----------- --------- --------- ----------------
 28,85    0,000356         356         1           execve
 27,71    0,000342          12        27           mmap
 14,99    0,000185           8        21        12 openat
  5,83    0,000072          10         7           mprotect
  4,54    0,000056           5        11           close
  4,21    0,000052           6         8           read
  3,73    0,000046           5         9           fstat
  1,78    0,000022           7         3           brk
  1,54    0,000019          19         1           munmap
  1,38    0,000017           4         4           prctl
  0,81    0,000010           5         2           dup
  0,73    0,000009           4         2           pread64
  0,49    0,000006           6         1         1 access
  0,49    0,000006           6         1           fstatfs
  0,41    0,000005           5         1           write
  0,41    0,000005           5         1         1 ioctl
  0,41    0,000005           5         1           prlimit64
  0,41    0,000005           5         1           getrandom
  0,32    0,000004           4         1           arch_prctl
  0,32    0,000004           4         1           set_tid_address
  0,32    0,000004           4         1           set_robust_list
  0,32    0,000004           4         1           rseq
------ ----------- ----------- --------- --------- ----------------
100,00    0,001234          11       106        14 total
