% time     seconds  usecs/call     calls    errors syscall
------ ----------- ----------- --------- --------- ----------------
 36,83    0,000246           9        27           mmap
 20,51    0,000137           6        21        12 openat
  9,13    0,000061           8         7           mprotect
  6,59    0,000044           4        11           close
  5,54    0,000037           4         8           read
  4,64    0,000031           3         9           fstat
  2,69    0,000018          18         1           munmap
  2,54    0,000017           4         4           prctl
  2,25    0,000015           5         3           brk
  1,95    0,000013           6         2           dup
  1,35    0,000009           4         2           pread64
  0,90    0,000006           6         1           getrandom
  0,75    0,000005           5         1           write
  0,75    0,000005           5         1           fstatfs
  0,75    0,000005           5         1           prlimit64
  0,60    0,000004           4         1         1 ioctl
  0,60    0,000004           4         1           arch_prctl
  0,60    0,000004           4         1           set_robust_list
  0,60    0,000004           4         1           rseq
  0,45    0,000003           3         1           set_tid_address
  0,00    0,000000           0         1         1 access
  0,00    0,000000           0         1           execve
------ ----------- ----------- --------- --------- ----------------
100,00    0,000668           6       106        14 total
